,Trade Date,Futures,Open,High,Low,Close,Settle,Change,Total Volume,EFP,Open Interest,next_Futures,next_Open,next_High,next_Low,next_Close,next_Settle,next_Change,next_Total Volume,next_EFP,next_Open Interest,front_next_OI,front_next_OI_delta,Close_MA20,Close_MA50,close_gt_ma50,ma20_rising,close_gt_ma20,Volume_MA50,Volume/MA50,volume_pct,vol_ge_1.85x_ma50,vol_ge_90pct,vol_ge_90pct_last_5days,vol_ge_90pct_last_10days,risk_off_score,risk_off_level
0,2021-01-04,F (Jan 2021),23.4,27.35,23.15,26.45,26.275,2.6,132333,0,119409,G (Feb 2021),25.44,27.8,25.15,27.19,27.125,1.55,101687.0,0.0,118542.0,237951.0,,,,False,False,False,,,,False,False,,,0,GREEN
1,2021-01-05,F (Jan 2021),26.5,27.45,24.95,25.4,25.325,-0.95,87182,0,111463,G (Feb 2021),27.25,28.02,26.25,26.7,26.425,-0.7,73697.0,0.0,125335.0,236798.0,-1153.0,,,False,False,False,,,,False,False,,,0,GREEN
2,2021-01-06,F (Jan 2021),25.5,26.45,23.2,24.7,25.125,-0.2,143351,139,104005,G (Feb 2021),26.65,27.37,25.04,25.94,26.275,-0.15,119720.0,200.0,135313.0,239318.0,2520.0,,,False,False,False,,,,False,False,,,0,GREEN
3,2021-01-07,F (Jan 2021),24.6,24.63,22.95,23.2,23.225,-1.9,90569,309,97478,G (Feb 2021),25.8,25.86,24.8,24.97,24.975,-1.3,78604.0,0.0,144896.0,242374.0,3056.0,,,False,False,False,,,,False,False,,,0,GREEN
4,2021-01-08,F (Jan 2021),23.2,23.77,22.55,22.8,22.775,-0.45,87598,0,86283,G (Feb 2021),25.0,25.62,24.62,24.82,24.825,-0.15,89257.0,0.0,160089.0,246372.0,3998.0,,,False,False,False,,,,False,False,,,0,GREEN
5,2021-01-11,F (Jan 2021),22.8,24.81,22.8,24.35,24.475,1.7,89976,110,76470,G (Feb 2021),25.0,26.25,24.9,26.05,26.175,1.35,96167.0,293.0,167820.0,244290.0,-2082.0,,,False,False,False,,,,False,False,,,0,GREEN
6,2021-01-12,F (Jan 2021),24.3,24.8,23.3,23.54,23.325,-1.15,76341,0,66181,G (Feb 2021),26.0,26.31,25.29,25.51,25.425,-0.75,72708.0,240.0,173087.0,239268.0,-5022.0,,,False,False,False,,,,False,False,,,0,GREEN
7,2021-01-13,F (Jan 2021),23.5,23.96,22.5,22.75,22.675,-0.65,68196,0,57587,G (Feb 2021),25.5,25.8,24.85,24.98,25.075,-0.35,71414.0,0.0,186561.0,244148.0,4880.0,,,False,False,False,,,,False,False,,,0,GREEN
8,2021-01-14,F (Jan 2021),22.75,23.3,22.27,23.2,23.175,0.5,61207,0,49860,G (Feb 2021),24.95,25.5,24.55,25.32,25.325,0.25,73390.0,500.0,199189.0,249049.0,4901.0,,,False,False,False,,,,False,False,,,0,GREEN
9,2021-01-15,F (Jan 2021),23.1,25.2,23.0,24.6,23.775,0.6,97472,0,40776,G (Feb 2021),25.25,26.55,25.15,26.35,25.975,0.65,116811.0,0.0,207088.0,247864.0,-1185.0,,,False,False,False,,,,False,False,,,0,GREEN
10,2021-01-19,F (Jan 2021),24.3,24.55,22.55,23.2,23.225,-0.55,88801,0,18074,G (Feb 2021),26.45,26.45,25.1,25.3,25.225,-0.75,110293.0,200.0,220268.0,238342.0,-9522.0,,,False,False,False,,,,False,False,,,0,GREEN
11,2021-01-20,F (Jan 2021),22.9,23.0,22.2,22.5,22.59,-0.635,908,0,16066,G (Feb 2021),25.3,25.45,24.6,24.9,24.775,-0.45,83138.0,0.0,219146.0,235212.0,-3130.0,,,False,False,False,,,,False,False,,,0,GREEN
12,2021-01-21,G (Feb 2021),24.81,25.2,24.5,24.6,24.525,-0.25,76586,0,213879,H (Mar 2021),26.2,26.62,26.05,26.25,26.225,-0.05,56163.0,0.0,67546.0,281425.0,,,,False,False,False,,,,False,False,,,0,GREEN
13,2021-01-22,G (Feb 2021),24.6,25.88,24.6,24.85,24.875,0.35,67721,409,204641,H (Mar 2021),26.25,27.17,26.25,26.44,26.525,0.3,52171.0,48.0,70859.0,275500.0,-5925.0,,,False,False,False,,,,False,False,,,0,GREEN
14,2021-01-25,G (Feb 2021),25.0,27.1,24.35,25.85,25.9535,1.0785,127359,384,195131,H (Mar 2021),26.4,28.05,26.05,27.3,27.4004,0.8754,88051.0,72.0,78219.0,273350.0,-2150.0,,,False,False,False,,,,False,False,,,0,GREEN
15,2021-01-26,G (Feb 2021),25.9,26.47,24.95,25.3,25.4095,-0.544,99024,0,188249,H (Mar 2021),27.35,27.77,26.67,27.15,27.2267,-0.1737,69336.0,0.0,85902.0,274151.0,801.0,,,False,False,False,,,,False,False,,,0,GREEN
16,2021-01-27,G (Feb 2021),25.35,36.15,25.25,33.05,31.5342,6.1247,287653,0,179190,H (Mar 2021),27.16,33.85,27.13,31.8,31.2313,4.0046,167185.0,0.0,102087.0,281277.0,7126.0,,,False,False,False,,,,False,False,,,0,GREEN
17,2021-01-28,G (Feb 2021),32.7,34.35,28.85,30.49,30.3946,-1.1396,209415,102,156932,H (Mar 2021),31.65,32.72,29.5,30.99,30.7199,-0.5114,142824.0,48.0,106120.0,263052.0,-18225.0,,,False,False,False,,,,False,False,,,0,GREEN
18,2021-01-29,G (Feb 2021),30.4,34.1,29.6,32.85,32.3859,1.9913,189447,1097,154737,H (Mar 2021),30.95,32.95,29.82,32.4,32.4205,1.7006,134934.0,533.0,104573.0,259310.0,-3742.0,,,False,False,False,,,,False,False,,,0,GREEN
19,2021-02-01,G (Feb 2021),33.05,34.55,30.07,30.6,30.3302,-2.0557,123261,0,135918,H (Mar 2021),32.6,33.5,30.61,31.19,31.0263,-1.3942,98001.0,0.0,115650.0,251568.0,-7742.0,25.714,,False,False,True,,,,False,False,,,1,GREEN
20,2021-02-02,G (Feb 2021),30.6,30.8,27.15,27.35,27.5781,-2.7521,118548,0,120354,H (Mar 2021),31.1,31.25,28.59,28.59,28.7376,-2.2887,95972.0,0.0,121642.0,241996.0,-9572.0,25.759000000000004,,False,True,True,,,,False,False,,,2,YELLOW
21,2021-02-03,G (Feb 2021),27.45,27.54,25.25,25.5,25.7794,-1.7987,91707,0,111756,H (Mar 2021),28.65,28.7,27.2,27.4,27.6514,-1.0862,81736.0,0.0,125005.0,236761.0,-5235.0,25.764,,False,True,False,,,,False,False,,,1,GREEN
22,2021-02-04,G (Feb 2021),25.53,26.4,24.1,24.3,24.2274,-1.552,88608,0,106565,H (Mar 2021),27.42,28.1,26.6,26.75,26.7436,-0.9078,82769.0,0.0,141182.0,247747.0,10986.0,25.744,,False,False,False,,,,False,False,,,0,GREEN
23,2021-02-05,G (Feb 2021),24.35,24.9,24.05,24.2,24.0993,-0.1281,73362,0,98018,H (Mar 2021),26.8,27.15,26.6,26.71,26.65,-0.0936,86159.0,0.0,160581.0,258599.0,10852.0,25.794,,False,True,False,,,,False,False,,,1,GREEN
24,2021-02-08,G (Feb 2021),24.05,24.45,23.74,23.85,23.8379,-0.2614,70831,150,88467,H (Mar 2021),26.7,26.95,26.45,26.55,26.5484,-0.1016,77094.0,536.0,179909.0,268376.0,9777.0,25.8465,,False,True,False,,,,False,False,,,1,GREEN
25,2021-02-09,G (Feb 2021),23.85,24.5,23.45,23.7,23.7021,-0.1358,71579,0,78401,H (Mar 2021),26.58,27.02,26.35,26.62,26.6863,0.1379,90640.0,0.0,199573.0,277974.0,9598.0,25.814000000000004,,False,False,False,,,,False,False,,,0,GREEN
26,2021-02-10,G (Feb 2021),23.8,25.15,23.4,23.75,23.7413,0.0392,95580,0,69886,H (Mar 2021),26.65,27.85,26.48,27.07,27.2855,0.5992,128868.0,0.0,217855.0,287741.0,9767.0,25.8245,,False,True,False,,,,False,False,,,1,GREEN
27,2021-02-11,G (Feb 2021),23.75,24.35,22.65,23.0,22.71,-1.0313,86236,73,56795,H (Mar 2021),27.2,27.85,26.65,26.9,26.692,-0.5935,104758.0,519.0,237454.0,294249.0,6508.0,25.837,,False,True,False,,,,False,False,,,1,GREEN
28,2021-02-12,G (Feb 2021),23.0,23.75,21.3,21.4,21.3594,-1.3506,83230,0,48842,H (Mar 2021),26.85,27.46,25.8,25.9,25.8785,-0.8135,120089.0,240.0,254503.0,303345.0,9096.0,25.747000000000003,,False,False,False,,,,False,False,,,0,GREEN
29,2021-02-16,G (Feb 2021),21.4,22.5,21.13,21.6,21.2418,-0.1176,111226,555,28089,H (Mar 2021),25.85,26.45,25.6,26.1,26.1251,0.2466,141237.0,3597.0,270534.0,298623.0,-4722.0,25.597,,False,False,False,,,,False,False,,,0,GREEN
30,2021-02-17,G (Feb 2021),21.5,22.1,20.8,21.7,22.81,1.5682,2564,0,25046,H (Mar 2021),26.1,27.05,25.55,25.76,25.6,-0.5251,119698.0,300.0,261677.0,286723.0,-11900.0,25.522,,False,False,False,,,,False,False,,,0,GREEN
31,2021-02-18,H (Mar 2021),25.75,26.75,25.5,25.85,25.8017,0.2017,106783,354,252403,J (Apr 2021),28.66,29.3,28.47,28.7,28.65,0.0997,74638.0,6.0,68153.0,320556.0,,25.6895,,False,True,True,,,,False,False,,,2,YELLOW
32,2021-02-19,H (Mar 2021),25.85,26.55,24.54,24.9,24.7988,-1.0029,117406,3025,241118,J (Apr 2021),28.7,29.25,27.7,27.97,27.8902,-0.7598,75426.0,446.0,77603.0,318721.0,-1835.0,25.704500000000003,,False,True,False,,,,False,False,,,1,GREEN
33,2021-02-22,H (Mar 2021),24.8,26.33,24.6,25.6,25.9031,1.1043,107045,850,230852,J (Apr 2021),27.96,28.97,27.69,28.36,28.6508,0.7606,72210.0,280.0,85170.0,316022.0,-2699.0,25.742,,False,True,False,,,,False,False,,,1,GREEN
34,2021-02-23,H (Mar 2021),25.55,27.55,24.7,25.05,24.748,-1.1551,147783,522,217889,J (Apr 2021),28.3,29.6,27.75,27.99,27.8272,-0.8236,86196.0,130.0,91802.0,309691.0,-6331.0,25.701999999999998,,False,False,False,,,,False,False,,,0,GREEN
35,2021-02-24,H (Mar 2021),25.0,26.0,23.7,24.0,23.7595,-0.9885,110416,353,203429,J (Apr 2021),27.96,28.55,26.7,26.85,26.7495,-1.0777,83868.0,117.0,98269.0,301698.0,-7993.0,25.637,,False,False,False,,,,False,False,,,0,GREEN
36,2021-02-25,H (Mar 2021),24.0,29.0,23.78,28.3,28.215,4.4555,209128,455,204080,J (Apr 2021),26.85,30.25,26.75,29.68,29.6522,2.9027,144768.0,120.0,109388.0,313468.0,11770.0,25.3995,,False,False,True,,,,False,False,,,1,GREEN
37,2021-02-26,H (Mar 2021),28.3,29.35,26.13,27.1,26.7444,-1.4706,196456,0,175182,J (Apr 2021),29.7,30.0,27.9,28.55,28.2329,-1.4193,126604.0,0.0,112608.0,287790.0,-25678.0,25.23,,False,False,True,,,,False,False,,,1,GREEN
38,2021-03-01,H (Mar 2021),26.75,27.0,24.2,24.55,24.6158,-2.1286,113262,244,162956,J (Apr 2021),28.36,28.37,26.4,26.77,26.9033,-1.3296,84620.0,163.0,125026.0,287982.0,192.0,24.815,,False,False,False,,,,False,False,,,0,GREEN
39,2021-03-02,H (Mar 2021),24.5,25.15,24.11,24.85,24.765,0.1492,95795,150,147401,J (Apr 2021),26.7,27.25,26.55,27.05,27.0329,0.1296,73592.0,0.0,134890.0,282291.0,-5691.0,24.5275,,False,False,True,,,,False,False,,,1,GREEN
40,2021-03-03,H (Mar 2021),24.75,26.4,23.65,26.35,26.1275,1.3625,130079,967,145366,J (Apr 2021),26.9,27.97,26.25,27.9,27.9008,0.8679,94236.0,967.0,147015.0,292381.0,10090.0,24.4775,,False,False,True,,,,False,False,,,1,GREEN
41,2021-03-04,H (Mar 2021),26.2,29.25,25.19,27.45,27.521,1.3935,165809,0,136244,J (Apr 2021),27.9,29.65,27.0,28.75,28.9361,1.0353,115568.0,0.0,155714.0,291958.0,-423.0,24.575,,False,True,True,,,,False,False,,,2,YELLOW
42,2021-03-05,H (Mar 2021),27.3,28.55,24.9,25.1,25.0507,-2.4703,142788,190,121277,J (Apr 2021),28.82,29.55,27.05,27.28,27.2112,-1.7249,94993.0,0.0,160914.0,282191.0,-9767.0,24.615000000000002,,False,True,True,,,,False,False,,,2,YELLOW
43,2021-03-08,H (Mar 2021),24.9,26.65,24.35,25.45,25.3667,0.316,109828,160,106909,J (Apr 2021),27.0,28.3,26.65,27.55,27.6657,0.4545,79371.0,280.0,172964.0,279873.0,-2318.0,24.677500000000002,,False,True,True,,,,False,False,,,2,YELLOW
44,2021-03-09,H (Mar 2021),25.4,25.55,23.6,23.94,23.9726,-1.3941,94573,0,91327,J (Apr 2021),27.44,27.52,26.42,26.67,26.7188,-0.9469,71443.0,0.0,184273.0,275600.0,-4273.0,24.682,,False,True,False,,,,False,False,,,1,GREEN
45,2021-03-10,H (Mar 2021),23.95,24.25,23.05,23.45,23.5048,-0.4678,104199,0,83250,J (Apr 2021),26.6,26.95,26.05,26.38,26.4616,-0.2572,71455.0,0.0,197582.0,280832.0,5232.0,24.6695,,False,False,False,,,,False,False,,,0,GREEN
46,2021-03-11,H (Mar 2021),23.42,23.65,22.65,23.05,22.8882,-0.6166,77841,0,70848,J (Apr 2021),26.38,26.55,25.6,25.87,25.8013,-0.6603,57405.0,0.0,205276.0,276124.0,-4708.0,24.6345,,False,False,False,,,,False,False,,,0,GREEN
47,2021-03-12,H (Mar 2021),23.0,23.81,21.93,22.05,21.9778,-0.9104,89608,168,60646,J (Apr 2021),25.85,26.55,25.35,25.44,25.4109,-0.3904,82077.0,1082.0,213738.0,274384.0,-1740.0,24.587,,False,False,False,,,,False,False,,,0,GREEN
48,2021-03-15,H (Mar 2021),22.05,22.24,20.05,20.35,20.1006,-1.8772,82108,0,47687,J (Apr 2021),25.4,25.7,23.9,24.1,23.9781,-1.4328,85585.0,250.0,225727.0,273414.0,-970.0,24.5345,,False,False,False,,,,False,False,,,0,GREEN
49,2021-03-16,H (Mar 2021),20.42,20.6,19.55,19.95,19.9204,-0.1802,85204,0,33898,J (Apr 2021),24.15,24.41,23.3,24.0,24.047,0.0689,99956.0,0.0,232514.0,266412.0,-7002.0,24.452,24.8394,False,False,False,107679.64,0.7912730763215776,,False,False,,,0,GREEN
50,2021-03-17,H (Mar 2021),19.8,20.7,19.8,20.2,20.8,0.8796,1841,0,25211,J (Apr 2021),24.0,24.55,22.95,23.2,23.0025,-1.0445,100529.0,123.0,227580.0,252791.0,-13621.0,24.377000000000002,24.7144,False,False,False,105069.8,0.017521685584249706,,False,False,,,0,GREEN
51,2021-03-18,J (Apr 2021),23.15,24.55,22.75,24.16,24.3001,1.2976,119571,501,223099,K (May 2021),25.13,26.1,24.8,25.75,25.8014,0.7819,66933.0,11.0,67522.0,290621.0,,24.2925,24.6896,False,False,False,105717.58,1.1310417813196254,,False,False,,,0,GREEN
52,2021-03-19,J (Apr 2021),24.15,24.81,23.2,23.55,23.315,-0.9851,98565,0,214012,K (May 2021),25.75,26.21,25.1,25.45,25.2669,-0.5345,53370.0,400.0,69024.0,283036.0,-7585.0,24.225,24.666600000000003,False,False,False,104821.86,0.9403095880954603,,False,False,,,0,GREEN
53,2021-03-22,J (Apr 2021),23.6,23.85,21.55,21.81,21.731,-1.584,86738,414,207222,K (May 2021),25.47,25.7,23.8,23.92,23.9449,-1.322,50060.0,0.0,74812.0,282034.0,-1002.0,24.0355,24.6388,False,False,False,104745.24,0.8280853621606098,,False,False,,,0,GREEN
54,2021-03-23,J (Apr 2021),21.8,23.3,21.75,22.6,22.833,1.102,101610,144,209764,K (May 2021),23.9,25.0,23.85,24.5,24.7467,0.8018,59845.0,29.0,84767.0,294531.0,12497.0,23.913,24.6348,False,False,False,105025.48,0.9674795106863592,,False,False,,,0,GREEN
55,2021-03-24,J (Apr 2021),22.6,23.1,21.85,22.9,22.9775,0.1445,95892,0,193637,K (May 2021),24.47,24.85,24.0,24.65,24.7612,0.0145,55639.0,130.0,86956.0,280593.0,-13938.0,23.857999999999997,24.6058,False,False,False,105143.8,0.9120081260140873,,False,False,,,0,GREEN
56,2021-03-25,J (Apr 2021),22.9,24.5,22.15,22.25,22.3056,-0.6719,136596,0,180052,K (May 2021),24.63,25.81,24.1,24.14,24.2012,-0.56,70994.0,0.0,90656.0,270708.0,-9885.0,23.555500000000002,24.58,False,False,False,106348.9,1.284413849132431,,False,False,,,0,GREEN
57,2021-03-26,J (Apr 2021),22.3,22.9,21.1,21.45,21.3859,-0.9197,133483,283,169944,K (May 2021),24.15,24.45,23.1,23.39,23.3135,-0.8877,77744.0,396.0,92929.0,262873.0,-7835.0,23.273000000000003,24.554000000000002,False,False,False,107654.64,1.23991868813086,,False,False,,,0,GREEN
58,2021-03-29,J (Apr 2021),21.55,22.7,21.45,21.9,22.0032,0.6173,109585,177,162049,K (May 2021),23.4,24.25,23.4,23.53,23.6502,0.3367,65128.0,233.0,102716.0,264765.0,1892.0,23.1405,24.528,False,False,False,108622.2,1.008863749767543,,False,False,,,0,GREEN
59,2021-03-30,J (Apr 2021),21.9,22.35,20.97,21.1,21.0321,-0.9711,76406,0,155859,K (May 2021),23.5,23.85,22.75,22.9,22.8076,-0.8426,50007.0,0.0,105992.0,261851.0,-2914.0,22.953,24.458000000000002,False,False,False,108200.88,0.706149524846748,,False,False,,,0,GREEN
60,2021-03-31,J (Apr 2021),21.1,21.35,20.37,20.75,20.734,-0.2981,89544,96,147130,K (May 2021),22.9,23.07,22.27,22.63,22.6758,-0.1318,69192.0,115.0,111906.0,259036.0,-2815.0,22.673000000000002,24.409000000000002,False,False,False,108215.74,0.8274581867665461,,False,False,,,0,GREEN
61,2021-04-01,J (Apr 2021),20.7,20.8,19.8,19.9,20.0824,-0.6516,85570,50,152207,K (May 2021),22.6,22.73,21.8,21.85,22.0336,-0.6422,66820.0,110.0,125573.0,277780.0,18744.0,22.2955,24.357,False,False,False,109908.98,0.7785533083829911,,False,False,,,0,GREEN
62,2021-04-05,J (Apr 2021),19.9,19.9,19.3,19.45,19.5423,-0.5401,64903,1677,132500,K (May 2021),21.82,21.87,21.3,21.44,21.4914,-0.5422,55266.0,1867.0,129405.0,261905.0,-15875.0,22.012999999999998,24.254,False,False,False,109675.32,0.5917739743088964,,False,False,,,0,GREEN
63,2021-04-06,J (Apr 2021),19.48,19.85,19.15,19.65,19.561,0.0187,73609,38,125853,K (May 2021),21.46,21.7,21.15,21.54,21.4864,-0.005,58238.0,0.0,135661.0,261514.0,-391.0,21.723000000000003,24.15,False,False,False,109793.08,0.6704338743388928,,False,False,,,0,GREEN
64,2021-04-07,J (Apr 2021),19.65,19.7,18.85,18.85,18.986,-0.575,73027,60,118895,K (May 2021),21.58,21.6,20.9,20.92,21.0655,-0.4209,60356.0,0.0,142140.0,261035.0,-479.0,21.4685,24.01,False,False,False,108706.44,0.671781727007158,,False,False,,,0,GREEN
65,2021-04-08,J (Apr 2021),18.9,18.91,18.25,18.4,18.4887,-0.4973,89696,0,116389,K (May 2021),20.93,21.0,20.57,20.75,20.805,-0.2605,66261.0,0.0,149704.0,266093.0,5058.0,21.216,23.872000000000003,False,False,False,108519.88,0.8265398008180621,,False,False,,,0,GREEN
66,2021-04-09,J (Apr 2021),18.4,18.83,18.0,18.45,18.1505,-0.3382,65479,0,112318,K (May 2021),20.74,21.1,20.5,20.97,20.8262,0.0212,54053.0,0.0,153984.0,266302.0,209.0,20.986,23.58,False,False,False,104076.4,0.629143590669931,,False,False,,,0,GREEN
67,2021-04-12,J (Apr 2021),18.35,18.85,17.95,18.05,18.0039,-0.1466,75084,146,100790,K (May 2021),20.91,21.4,20.55,20.61,20.5653,-0.2609,54873.0,189.0,161344.0,262134.0,-4168.0,20.786,23.331200000000003,False,False,False,101389.78,0.7405480118410357,,False,False,,,0,GREEN
68,2021-04-13,J (Apr 2021),18.05,18.48,17.55,17.8,17.6781,-0.3258,85452,229,90214,K (May 2021),20.6,20.97,20.27,20.55,20.4734,-0.0919,69441.0,688.0,170173.0,260387.0,-1747.0,20.658499999999997,23.0302,False,False,False,99309.88,0.8604581940890473,,False,False,,,0,GREEN
69,2021-04-14,J (Apr 2021),17.75,18.3,17.45,17.88,18.0989,0.4208,97555,0,74708,K (May 2021),20.55,20.96,20.4,20.72,20.9333,0.4599,73865.0,0.0,182154.0,256862.0,-3525.0,20.555,22.7758,False,False,False,98795.76,0.9874411614425559,,False,False,,,0,GREEN
70,2021-04-15,J (Apr 2021),17.95,18.0,17.07,17.2,17.1523,-0.9466,67884,0,67301,K (May 2021),20.75,20.86,20.15,20.3,20.2942,-0.6391,61709.0,0.0,187716.0,255017.0,-1845.0,20.405,22.572799999999997,False,False,False,97782.48,0.6942347954357468,,False,False,,,0,GREEN
71,2021-04-16,J (Apr 2021),17.15,17.4,16.85,17.11,17.0019,-0.1504,67869,500,56854,K (May 2021),20.35,20.46,19.75,20.0,19.955,-0.3392,68504.0,0.0,198361.0,255215.0,198.0,20.0525,22.405,False,False,False,97305.72,0.6974821212976997,,False,False,,,0,GREEN
72,2021-04-19,J (Apr 2021),17.2,18.51,17.1,17.65,17.657,0.6551,93266,500,48111,K (May 2021),19.95,21.25,19.95,20.65,20.7006,0.7456,117541.0,0.0,205798.0,253909.0,-1306.0,19.7575,22.272,False,False,False,97398.88,0.9575674792153667,,False,False,,,0,GREEN
73,2021-04-20,J (Apr 2021),17.7,19.3,17.41,18.96,18.6526,0.9956,90513,0,28759,K (May 2021),20.65,21.8,20.5,21.25,21.0528,0.3522,120738.0,0.0,215177.0,243936.0,-9973.0,19.615000000000002,22.167199999999998,False,False,False,97741.9,0.9260409302458823,,False,False,,,0,GREEN
74,2021-04-21,J (Apr 2021),18.9,19.2,18.0,19.05,19.28,0.6274,1337,0,26203,K (May 2021),21.25,21.56,19.85,20.2,19.9955,-1.0573,106851.0,0.0,208712.0,234915.0,-9021.0,19.4375,22.071199999999997,False,False,False,96352.02,0.013876201038649734,,False,False,,,0,GREEN
75,2021-04-22,K (May 2021),20.2,21.65,19.85,21.05,21.1658,1.1703,142688,129,201584,M (Jun 2021),22.04,23.1,21.7,22.75,22.8048,0.9848,75418.0,0.0,62224.0,263808.0,,19.345000000000002,22.018199999999997,False,False,True,97774.2,1.4593624903093045,,False,False,,,1,GREEN
76,2021-04-23,K (May 2021),21.05,21.15,19.9,20.35,20.4318,-0.734,98966,0,192293,M (Jun 2021),22.75,22.77,21.85,22.15,22.191,-0.6138,59745.0,0.0,66840.0,259133.0,-4675.0,19.25,21.9502,False,False,True,97841.92,1.0114887361163805,,False,False,,,1,GREEN
77,2021-04-26,K (May 2021),20.4,20.55,20.1,20.24,20.2051,-0.2267,62805,130,184260,M (Jun 2021),22.16,22.3,21.95,22.05,22.1001,-0.0909,42327.0,110.0,73582.0,257842.0,-1291.0,19.1895,21.895,False,False,True,97373.3,0.6449920049952091,,False,False,,,1,GREEN
78,2021-04-27,K (May 2021),20.25,20.45,19.65,19.85,19.7093,-0.4958,78382,320,175943,M (Jun 2021),22.06,22.27,21.63,21.67,21.6953,-0.4048,55472.0,80.0,78525.0,254468.0,-3374.0,19.087,21.864,False,False,True,97276.34,0.8057663353699368,,False,False,,,1,GREEN
79,2021-04-28,K (May 2021),19.83,20.0,19.5,19.6,19.6632,-0.0461,71265,210,169114,M (Jun 2021),21.67,21.9,21.47,21.6,21.7018,0.0065,56066.0,0.0,82635.0,251749.0,-2719.0,19.011999999999997,21.824,False,False,True,96477.12,0.7386725474392271,,False,False,,,1,GREEN
80,2021-04-29,K (May 2021),19.65,20.4,19.2,19.68,19.5684,-0.0948,86698,0,162237,M (Jun 2021),21.65,22.25,21.25,21.67,21.598,-0.1038,57610.0,0.0,86985.0,249222.0,-2527.0,18.958499999999997,21.783599999999996,False,False,True,98159.8,0.8832332584214719,,False,False,,,1,GREEN
81,2021-04-30,K (May 2021),19.65,20.7,19.65,20.45,20.438,0.8696,98510,1833,157419,M (Jun 2021),21.66,22.35,21.63,22.2,22.2391,0.6411,69002.0,873.0,96982.0,254401.0,5179.0,18.985999999999997,21.6756,False,True,True,97994.34,1.005262140650164,,False,False,,,2,YELLOW
82,2021-05-03,K (May 2021),20.45,20.55,19.65,19.75,19.7324,-0.7056,80758,0,143936,M (Jun 2021),22.15,22.2,21.45,21.51,21.5522,-0.6869,61101.0,0.0,108056.0,251992.0,-2409.0,19.000999999999998,21.572599999999998,False,True,True,97261.38,0.8303192901437343,,False,False,,,2,YELLOW
83,2021-05-04,K (May 2021),19.75,22.0,19.6,20.8,20.5493,0.8169,139634,324,137021,M (Jun 2021),21.5,23.05,21.45,22.35,22.2357,0.6835,101175.0,212.0,117827.0,254848.0,2856.0,19.058500000000002,21.476599999999998,False,True,True,97913.16,1.426100434303213,,False,False,,,2,YELLOW
84,2021-05-05,K (May 2021),20.75,20.85,19.5,20.05,19.9784,-0.5709,91013,0,125201,M (Jun 2021),22.39,22.42,21.35,21.75,21.6758,-0.5599,70577.0,0.0,125133.0,250334.0,-4514.0,19.1185,21.376600000000003,False,True,True,96777.76,0.940433008575524,,False,False,,,2,YELLOW
85,2021-05-06,K (May 2021),20.1,21.1,19.56,19.8,19.6892,-0.2892,92278,140,118198,M (Jun 2021),21.75,22.45,21.37,21.66,21.6227,-0.0531,69248.0,110.0,131343.0,249541.0,-793.0,19.1885,21.292600000000004,False,True,True,96415.0,0.9570917388373178,,False,False,,,2,YELLOW
86,2021-05-07,K (May 2021),19.8,19.95,18.2,18.4,18.2917,-1.3975,88812,0,114740,M (Jun 2021),21.73,21.77,20.5,20.65,20.5424,-1.0803,75975.0,0.0,141465.0,256205.0,6664.0,19.186,21.0946,False,False,False,94008.68,0.9447212746737855,,False,False,,,0,GREEN
87,2021-05-10,K (May 2021),18.35,19.93,18.0,19.75,19.4819,1.1902,113759,32,95539,M (Jun 2021),20.69,21.57,20.2,21.4,21.3487,0.8063,82780.0,84.0,153778.0,249317.0,-6888.0,19.270999999999997,20.947599999999998,False,True,True,92354.74,1.23176135843163,,False,False,,,2,YELLOW
88,2021-05-11,K (May 2021),19.78,22.1,19.5,21.66,21.2388,1.7569,189216,704,82517,M (Jun 2021),21.4,23.25,21.2,23.02,22.8487,1.5,159988.0,1549.0,164063.0,246580.0,-2737.0,19.464000000000002,20.8898,True,True,True,93873.82,2.0156418477483924,,True,False,,,4,ORANGE
89,2021-05-12,K (May 2021),21.7,27.15,21.2,26.1,25.9725,4.7337,196274,459,72038,M (Jun 2021),22.96,27.2,22.68,26.38,26.4334,3.5847,227240.0,1379.0,172288.0,244326.0,-2254.0,19.875,20.9148,True,True,True,95883.4,2.0470070940329608,,True,False,,,4,ORANGE
90,2021-05-13,K (May 2021),26.25,27.03,22.12,22.7,22.6932,-3.2793,135964,0,58534,M (Jun 2021),26.3,26.85,23.5,24.11,24.0809,-2.3525,140089.0,0.0,171519.0,230053.0,-14273.0,20.15,20.8418,True,True,True,96001.1,1.4162754385106002,,False,False,,,3,YELLOW
91,2021-05-14,K (May 2021),22.75,22.9,18.89,19.1,19.1312,-3.562,107377,0,46726,M (Jun 2021),24.1,24.23,21.05,21.2,21.3668,-2.7141,152983.0,0.0,170255.0,216981.0,-13072.0,20.2495,20.6748,False,True,False,94832.46,1.1322810775972698,,False,False,,,1,GREEN
92,2021-05-17,K (May 2021),19.25,21.35,18.95,19.65,19.9063,0.7751,88206,45,32516,M (Jun 2021),21.25,22.89,21.15,21.79,22.1144,0.7476,144804.0,410.0,177199.0,209715.0,-7266.0,20.3495,20.5658,False,True,False,93740.82,0.9409561384250745,,False,False,,,1,GREEN
93,2021-05-18,K (May 2021),19.7,21.9,18.79,21.76,21.1438,1.2375,79787,0,18216,M (Jun 2021),21.85,22.65,21.2,22.56,22.3794,0.265,122159.0,0.0,183059.0,201275.0,-8440.0,20.4895,20.491999999999997,True,True,True,93140.0,0.8566351728580631,,False,False,,,3,YELLOW
94,2021-05-19,K (May 2021),21.6,25.35,21.6,24.3,25.21,4.0662,2686,0,17537,M (Jun 2021),22.5,25.65,22.28,23.65,23.3861,1.0067,207953.0,0.0,179446.0,196983.0,-4292.0,20.752000000000002,20.499200000000002,True,True,True,91302.26,0.029418767947255633,,False,False,,,3,YELLOW
95,2021-05-20,M (Jun 2021),23.65,24.0,21.85,22.1,22.1031,-1.283,104176,115,169030,N (Jul 2021),24.58,24.9,23.44,23.64,23.6346,-0.7455,59779.0,0.0,70314.0,239344.0,,20.804499999999997,20.4722,True,True,True,91301.8,1.1410070776260708,,False,False,,,3,YELLOW
96,2021-05-21,M (Jun 2021),22.2,22.2,21.4,21.85,21.8453,-0.2578,71397,0,162356,N (Jul 2021),23.66,23.68,23.05,23.3,23.28,-0.3546,45981.0,0.0,73374.0,235730.0,-3614.0,20.8795,20.4482,True,True,True,91172.92,0.7830943661780274,,False,False,,,3,YELLOW
97,2021-05-24,M (Jun 2021),22.05,22.25,20.5,20.85,20.7569,-1.0884,65826,0,161035,N (Jul 2021),23.35,23.52,22.27,22.51,22.4758,-0.8042,45857.0,0.0,78749.0,239784.0,4054.0,20.910000000000004,20.4242,True,True,False,90697.28,0.7257770023533231,,False,False,,,2,YELLOW
98,2021-05-25,M (Jun 2021),20.85,21.15,20.5,20.6,20.7012,-0.0557,67262,0,158196,N (Jul 2021),22.5,22.9,22.33,22.53,22.6499,0.1741,48940.0,0.0,83322.0,241518.0,1734.0,20.947499999999998,20.4292,True,True,False,90400.36,0.7440457095524841,,False,False,,,2,YELLOW
99,2021-05-26,M (Jun 2021),20.65,20.65,19.58,19.65,19.6232,-1.078,73506,3072,149527,N (Jul 2021),22.58,22.6,21.6,21.6,21.6727,-0.9772,51516.0,1096.0,87118.0,236645.0,-4873.0,20.95,20.423199999999998,False,True,False,90166.4,0.8152260709088974,,False,False,,,1,GREEN
100,2021-05-27,M (Jun 2021),19.6,20.1,18.5,18.63,18.5669,-1.0563,81396,301,144144,N (Jul 2021),21.65,22.02,20.58,20.65,20.6488,-1.0239,58529.0,139.0,91035.0,235179.0,-1466.0,20.8975,20.3918,False,False,False,91757.5,0.8870773506252895,,False,False,,,0,GREEN
101,2021-05-28,M (Jun 2021),18.6,19.2,18.45,19.1,19.1343,0.5674,77714,376,136027,N (Jul 2021),20.68,20.9,20.37,20.75,20.8509,0.2021,56818.0,194.0,98213.0,234240.0,-939.0,20.830000000000002,20.290599999999998,False,False,False,90920.36,0.8547480454322882,,False,False,,,0,GREEN
102,2021-06-01,M (Jun 2021),18.95,19.65,18.45,19.4,19.5551,0.4208,83140,0,128492,N (Jul 2021),20.75,21.42,20.37,21.22,21.3709,0.52,61414.0,0.0,104221.0,232713.0,-1527.0,20.812500000000004,20.2076,False,False,False,90611.86,0.9175399335142221,,False,False,,,0,GREEN
103,2021-06-02,M (Jun 2021),19.4,19.61,18.65,19.05,18.9248,-0.6303,64289,0,122617,N (Jul 2021),21.2,21.43,20.65,21.09,21.0457,-0.3252,46484.0,0.0,112316.0,234933.0,2220.0,20.725,20.1524,False,False,False,90162.88,0.7130317931281698,,False,False,,,0,GREEN
104,2021-06-03,M (Jun 2021),19.0,20.0,18.92,19.3,19.2865,0.3617,75480,0,112656,N (Jul 2021),21.1,21.78,21.0,21.4,21.3869,0.3412,52205.0,0.0,119860.0,232516.0,-2417.0,20.6875,20.086399999999998,False,False,False,89640.28,0.8420321757138644,,False,False,,,0,GREEN
105,2021-06-04,M (Jun 2021),19.35,19.71,17.95,18.29,18.1246,-1.1619,83236,0,103740,N (Jul 2021),21.35,21.68,20.25,20.45,20.3389,-1.048,70204.0,0.0,134958.0,238698.0,6182.0,20.612000000000002,19.9942,False,False,False,89387.16,0.9311851948311144,,False,False,,,0,GREEN
106,2021-06-07,M (Jun 2021),18.29,18.55,17.6,17.65,17.6359,-0.4887,53372,0,94995,N (Jul 2021),20.4,20.65,20.0,20.0,20.0021,-0.3368,49186.0,0.0,143651.0,238646.0,-52.0,20.5745,19.9022,False,False,False,87722.68,0.6084173442945428,,False,False,,,0,GREEN
107,2021-06-08,M (Jun 2021),17.75,18.46,17.5,18.0,17.9012,0.2653,64345,0,86810,N (Jul 2021),20.0,20.61,19.85,20.25,20.2319,0.2298,61825.0,0.0,154589.0,241399.0,2753.0,20.487000000000002,19.8332,False,False,False,86339.92,0.7452520224711814,,False,False,,,0,GREEN
108,2021-06-09,M (Jun 2021),18.0,18.5,17.62,18.33,18.3797,0.4785,63985,0,71742,N (Jul 2021),20.26,20.65,20.02,20.43,20.4981,0.2662,64431.0,0.0,165146.0,236888.0,-4511.0,20.3205,19.7618,False,False,False,85427.92,0.7489940057067994,,False,False,,,0,GREEN
109,2021-06-10,M (Jun 2021),18.35,18.65,16.85,17.03,16.9031,-1.4766,79703,0,63061,N (Jul 2021),20.45,20.74,19.35,19.53,19.443,-1.0551,86497.0,0.0,172028.0,235089.0,-1799.0,19.867,19.6804,False,False,False,85493.86,0.9322657790863578,,False,False,,,0,GREEN
110,2021-06-11,M (Jun 2021),17.03,17.05,16.07,16.58,16.5505,-0.3526,67007,0,54866,N (Jul 2021),19.52,19.6,18.7,18.84,18.8501,-0.5929,87582.0,0.0,177685.0,232551.0,-2538.0,19.561,19.597,False,False,False,85043.12,0.7879179409222051,,False,False,,,0,GREEN
111,2021-06-14,M (Jun 2021),16.65,17.08,16.05,16.65,16.4514,-0.0991,65209,0,44068,N (Jul 2021),19.4,19.4,18.65,19.1,19.0759,0.2258,85623.0,0.0,186259.0,230327.0,-2224.0,19.4385,19.532,False,False,False,84635.9,0.7704650154367119,,False,False,,,0,GREEN
112,2021-06-15,M (Jun 2021),16.65,17.43,16.2,17.1,17.1014,0.65,72601,0,29033,N (Jul 2021),19.1,19.65,18.75,19.3,19.5645,0.4886,100244.0,0.0,199310.0,228343.0,-1984.0,19.311,19.485,False,False,False,84789.86,0.856246253974237,,False,False,,,0,GREEN
113,2021-06-16,M (Jun 2021),17.3,17.44,16.9,17.1,16.38,-0.7214,1826,0,27655,N (Jul 2021),19.35,20.2,18.85,19.95,19.623,0.0585,109962.0,78.0,195420.0,223075.0,-5268.0,19.078,19.434,False,False,False,83354.2,0.021906514608741972,,False,False,,,0,GREEN
114,2021-06-17,N (Jul 2021),19.8,20.55,18.84,19.45,19.5146,-0.1084,92236,0,187437,Q (Aug 2021),21.23,21.71,20.46,20.91,20.9062,-0.1436,53891.0,0.0,70420.0,257857.0,,18.8355,19.445999999999998,True,False,True,83738.38,1.1014781991244635,,False,False,,,2,YELLOW
115,2021-06-18,N (Jul 2021),19.5,21.65,19.25,21.5,21.339,1.8244,159384,0,191416,Q (Aug 2021),21.0,22.48,20.75,22.35,22.2601,1.3539,72224.0,0.0,82127.0,273543.0,15686.0,18.805500000000002,19.508000000000003,True,False,True,85132.14,1.872195389426367,,True,False,,,3,YELLOW
116,2021-06-21,N (Jul 2021),21.45,22.25,19.6,20.2,19.9159,-1.4231,113975,174,171626,Q (Aug 2021),22.4,22.9,20.95,21.45,21.1897,-1.0704,57942.0,26.0,72586.0,244212.0,-29331.0,18.723,19.543,True,False,True,86102.06,1.3237197809204566,,False,False,,,2,YELLOW
117,2021-06-22,N (Jul 2021),20.1,20.35,18.7,18.75,18.8265,-1.0894,95264,0,165248,Q (Aug 2021),21.35,21.6,20.3,20.35,20.5299,-0.6598,55258.0,0.0,74837.0,240085.0,-4127.0,18.618000000000002,19.557000000000002,False,False,True,86505.66,1.101245860675475,,False,False,,,1,GREEN
118,2021-06-23,N (Jul 2021),18.8,18.95,18.25,18.3,18.4413,-0.3852,61946,284,163908,Q (Aug 2021),20.4,20.51,19.93,20.0,20.1918,-0.3381,43136.0,0.0,78996.0,242904.0,2819.0,18.503,19.566999999999997,False,False,False,86035.54,0.7200047794202257,,False,False,,,0,GREEN
119,2021-06-24,N (Jul 2021),18.37,18.4,17.9,18.1,18.167,-0.2743,55526,0,158014,Q (Aug 2021),20.09,20.1,19.65,19.77,19.853,-0.3388,41237.0,0.0,83772.0,241786.0,-1118.0,18.4255,19.571399999999997,False,False,False,85194.96,0.6517521693771556,,False,False,,,0,GREEN
120,2021-06-25,N (Jul 2021),18.15,18.3,17.65,17.7,17.7017,-0.4653,51228,0,153865,Q (Aug 2021),19.8,19.98,19.55,19.6,19.6252,-0.2278,38398.0,0.0,87311.0,241176.0,-610.0,18.378999999999998,19.581400000000002,False,False,False,84861.84,0.6036635547850483,,False,False,,,0,GREEN
121,2021-06-28,N (Jul 2021),17.7,18.05,17.5,17.75,17.7213,0.0196,58554,0,151974,Q (Aug 2021),19.55,19.8,19.35,19.5,19.516,-0.1092,37580.0,0.0,92137.0,244111.0,2935.0,18.311500000000002,19.5942,False,False,False,84675.54,0.691510204717915,,False,False,,,0,GREEN
122,2021-06-29,N (Jul 2021),17.75,18.2,17.55,17.97,18.1278,0.4065,54954,0,145227,Q (Aug 2021),19.55,20.0,19.35,19.77,19.953,0.437,49467.0,0.0,97333.0,242560.0,-1551.0,18.24,19.6006,False,False,False,83909.3,0.6549214449411448,,False,False,,,0,GREEN
123,2021-06-30,N (Jul 2021),18.05,18.41,17.75,17.85,17.9033,-0.2245,69357,0,138679,Q (Aug 2021),19.75,20.15,19.55,19.7,19.7487,-0.2043,51668.0,0.0,101501.0,240180.0,-2380.0,18.18,19.5784,False,False,False,83486.18,0.8307602527747707,,False,False,,,0,GREEN
124,2021-07-01,N (Jul 2021),17.85,18.0,17.44,17.55,17.4735,-0.4298,59366,0,136480,Q (Aug 2021),19.72,19.8,19.5,19.58,19.5447,-0.204,40166.0,0.0,106231.0,242711.0,2531.0,18.0925,19.5484,False,False,False,84646.76,0.7013381256411941,,False,False,,,0,GREEN
125,2021-07-02,N (Jul 2021),17.55,17.66,16.85,17.5,17.4706,-0.0029,79965,1172,128062,Q (Aug 2021),19.6,19.65,18.98,19.51,19.4999,-0.0448,67292.0,1172.0,117210.0,245272.0,2561.0,18.053,19.4774,False,False,False,83392.3,0.9589014813118237,,False,False,,,0,GREEN
126,2021-07-06,N (Jul 2021),17.45,18.7,17.19,18.2,17.9987,0.5281,94335,0,127575,Q (Aug 2021),19.45,20.3,19.25,19.9,19.8513,0.3514,71286.0,0.0,126807.0,254382.0,9110.0,18.0805,19.434399999999997,False,True,True,83299.68,1.132477339648844,,False,False,,,2,YELLOW
127,2021-07-07,N (Jul 2021),18.16,18.8,17.7,17.9,18.0485,0.0498,74187,0,109951,Q (Aug 2021),19.9,20.45,19.6,19.84,19.9455,0.0942,56698.0,0.0,129419.0,239370.0,-15012.0,18.075499999999998,19.3876,False,False,False,83527.32,0.8881764672923781,,False,False,,,0,GREEN
128,2021-07-08,N (Jul 2021),17.95,20.5,17.9,19.75,19.545,1.4965,156447,0,93692,Q (Aug 2021),19.8,21.62,19.75,21.1,20.9988,1.0533,114638.0,0.0,132129.0,225821.0,-13549.0,18.1465,19.3856,True,True,True,85088.62,1.8386360009129306,,False,False,,,3,YELLOW
129,2021-07-09,N (Jul 2021),19.75,20.1,17.7,17.9,17.7962,-1.7488,104248,0,80172,Q (Aug 2021),21.09,21.35,19.65,19.9,19.8444,-1.1544,88525.0,0.0,142594.0,222766.0,-3055.0,18.19,19.3516,False,True,False,85748.28,1.215744502397016,,False,False,,,1,GREEN
130,2021-07-12,N (Jul 2021),17.85,18.4,17.25,17.25,17.3713,-0.4249,65228,0,73831,Q (Aug 2021),19.9,20.26,19.6,19.63,19.8395,-0.0049,53958.0,0.0,150674.0,224505.0,1739.0,18.2235,19.303,False,True,False,85318.88,0.7645201155945788,,False,False,,,1,GREEN
131,2021-07-13,N (Jul 2021),17.3,17.9,16.95,17.8,17.7342,0.3629,76204,0,68529,Q (Aug 2021),19.65,20.1,19.39,20.0,20.0157,0.1762,59203.0,0.0,149300.0,217829.0,-6676.0,18.281,19.25,False,True,False,84872.76,0.8978616931981475,,False,False,,,1,GREEN
132,2021-07-14,N (Jul 2021),17.75,18.05,16.91,17.17,17.047,-0.6872,78877,0,64714,Q (Aug 2021),20.05,20.25,19.42,19.62,19.6029,-0.4128,76306.0,0.0,152024.0,216738.0,-1091.0,18.2845,19.198400000000003,False,True,False,84835.14,0.9297680182999639,,False,False,,,1,GREEN
133,2021-07-15,N (Jul 2021),17.16,18.25,17.15,17.6,17.51,0.463,91530,166,54747,Q (Aug 2021),19.65,20.35,19.6,19.9,19.8149,0.212,90356.0,834.0,159904.0,214651.0,-2087.0,18.3095,19.1344,False,True,False,83873.06,1.0912920072309273,,False,False,,,1,GREEN
134,2021-07-16,N (Jul 2021),17.65,18.76,16.8,18.5,18.6228,1.1128,80811,0,47654,Q (Aug 2021),19.9,20.7,19.3,20.5,20.6339,0.819,99147.0,0.0,165696.0,213350.0,-1301.0,18.262,19.1034,False,False,True,83669.02,0.9658413592032032,,False,False,,,1,GREEN
135,2021-07-19,N (Jul 2021),18.55,24.76,18.35,22.02,22.738,4.1152,141925,70,34977,Q (Aug 2021),20.4,24.85,20.4,23.03,23.6675,3.0336,259446.0,776.0,179549.0,214526.0,1176.0,18.288,19.147800000000004,True,True,True,84661.96,1.676372718042436,,False,False,,,3,YELLOW
136,2021-07-20,N (Jul 2021),21.95,22.85,19.75,19.84,19.9561,-2.7819,79034,8,23615,Q (Aug 2021),23.05,23.65,21.15,21.43,21.4852,-2.1823,150390.0,192.0,175636.0,199251.0,-15275.0,18.270000000000003,19.176599999999997,True,False,True,84466.4,0.9356856690944566,,False,False,,,2,YELLOW
137,2021-07-21,N (Jul 2021),19.95,20.0,18.5,19.05,18.9,-1.0561,1480,0,20043,Q (Aug 2021),21.4,21.85,20.05,20.05,20.1082,-1.377,96457.0,1933.0,167885.0,187928.0,-11323.0,18.285,19.1626,False,True,True,82220.82,0.018000306978208196,,False,False,,,2,YELLOW
138,2021-07-22,Q (Aug 2021),20.1,20.85,19.9,20.15,20.5665,0.4583,82003,1033,164178,U (Sep 2021),21.5,21.98,21.3,21.5,21.85,0.2032,49417.0,37.0,55401.0,219579.0,,18.3775,19.1324,True,True,True,80076.56,1.0240574769945163,,False,False,,,3,YELLOW
139,2021-07-23,Q (Aug 2021),20.2,20.5,19.95,20.5,20.3675,-0.199,67116,0,159138,U (Sep 2021),21.55,21.8,21.35,21.74,21.6506,-0.1994,43266.0,0.0,57211.0,216349.0,-3230.0,18.4975,19.0204,True,True,True,77493.4,0.8660866602833274,,False,False,,,3,YELLOW
140,2021-07-26,Q (Aug 2021),20.4,21.45,20.0,20.1,20.1497,-0.2178,68002,1564,153021,U (Sep 2021),21.7,22.48,21.45,21.58,21.6947,0.0441,47206.0,276.0,61577.0,214598.0,-1751.0,18.6175,18.968400000000003,True,True,True,76134.16,0.8931864487636035,,False,False,,,3,YELLOW
141,2021-07-27,Q (Aug 2021),20.15,21.9,20.05,21.05,20.7147,0.565,113181,0,145155,U (Sep 2021),21.6,23.0,21.55,22.38,22.2005,0.5058,66222.0,0.0,69704.0,214859.0,261.0,18.7825,19.0074,True,True,True,76250.24,1.484336311597183,,False,False,,,3,YELLOW
142,2021-07-28,Q (Aug 2021),21.08,21.25,19.78,20.45,20.1089,-0.6058,87299,200,139060,U (Sep 2021),22.4,22.5,21.5,22.05,21.7999,-0.4006,57967.0,0.0,74833.0,213893.0,-966.0,18.9065,19.023400000000002,True,True,True,76232.1,1.1451737522644658,,False,False,,,3,YELLOW
143,2021-07-29,Q (Aug 2021),20.4,20.7,19.55,20.0,19.7092,-0.3997,61839,1284,136906,U (Sep 2021),22.05,22.23,21.4,21.75,21.5483,-0.2516,47851.0,460.0,79565.0,216471.0,2578.0,19.014,18.988200000000003,True,True,True,75873.14,0.8150315118103719,,False,False,,,3,YELLOW
144,2021-07-30,Q (Aug 2021),20.1,21.12,19.78,20.25,20.274,0.5648,80337,0,132323,U (Sep 2021),21.9,22.57,21.5,21.95,22.0749,0.5266,60616.0,0.0,86800.0,219123.0,2652.0,19.148999999999997,18.9072,True,True,True,77426.16,1.0375950453955096,,False,False,,,3,YELLOW
145,2021-08-02,Q (Aug 2021),20.45,21.3,19.55,21.05,21.1496,0.8756,84656,0,124828,U (Sep 2021),21.95,22.8,21.42,22.55,22.7197,0.6448,56382.0,0.0,92666.0,217494.0,-1629.0,19.3265,18.8862,True,True,True,77035.76,1.0989182166827458,,False,False,,,3,YELLOW
146,2021-08-03,Q (Aug 2021),21.1,21.45,19.8,20.05,19.8525,-1.2971,92430,164,116995,U (Sep 2021),22.6,22.82,21.75,21.95,21.8428,-0.8769,66645.0,136.0,102044.0,219039.0,1545.0,19.419,18.8502,True,True,True,77456.42,1.1933161899297695,,False,False,,,3,YELLOW
147,2021-08-04,Q (Aug 2021),20.0,20.46,19.6,19.91,19.8494,-0.0031,56908,50,109492,U (Sep 2021),21.95,22.25,21.55,21.75,21.7559,-0.0869,45532.0,50.0,105929.0,215421.0,-3618.0,19.5195,18.831400000000002,True,True,True,77278.06,0.736405649934794,,False,False,,,3,YELLOW
148,2021-08-05,Q (Aug 2021),19.9,19.95,19.25,19.31,19.3129,-0.5365,50098,158,102241,U (Sep 2021),21.78,21.8,21.25,21.3,21.2892,-0.4667,44047.0,192.0,110914.0,213155.0,-2266.0,19.497500000000002,18.8056,True,False,False,76934.78,0.6511749302461124,,False,False,,,1,GREEN
149,2021-08-06,Q (Aug 2021),19.4,19.5,18.65,18.78,18.7024,-0.6105,69232,0,100337,U (Sep 2021),21.35,21.45,20.7,20.79,20.751,-0.5382,70695.0,0.0,122289.0,222626.0,9471.0,19.5415,18.788200000000003,False,True,False,76849.3,0.9008800340406483,,False,False,,,1,GREEN
150,2021-08-09,Q (Aug 2021),18.8,19.35,18.25,18.3,18.4231,-0.2793,70508,0,83888,U (Sep 2021),20.75,21.23,20.45,20.6,20.6867,-0.0643,64494.0,0.0,130269.0,214157.0,-8469.0,19.594,18.7816,False,True,False,76631.54,0.9200911269693915,,False,False,,,1,GREEN
151,2021-08-10,Q (Aug 2021),18.4,18.6,17.8,18.05,17.9776,-0.4455,62237,62,74802,U (Sep 2021),20.56,20.8,20.1,20.38,20.3456,-0.3411,62612.0,0.0,139702.0,214504.0,347.0,19.606500000000004,18.7606,False,True,False,76322.0,0.8154529493461912,,False,False,,,1,GREEN
152,2021-08-11,Q (Aug 2021),18.05,18.3,17.35,17.69,17.4443,-0.5333,73573,0,60471,U (Sep 2021),20.4,20.6,19.68,19.88,19.7318,-0.6138,81886.0,0.0,151259.0,211730.0,-2774.0,19.6325,18.7264,False,True,False,76130.66,0.9664043369648969,,False,False,,,1,GREEN
153,2021-08-12,Q (Aug 2021),17.65,17.8,16.78,16.85,17.0028,-0.4415,56780,80,52384,U (Sep 2021),19.9,20.0,19.2,19.28,19.3979,-0.3339,64204.0,220.0,157669.0,210053.0,-1677.0,19.595,18.6824,False,False,False,75980.48,0.7472972005441398,,False,False,,,0,GREEN
154,2021-08-13,Q (Aug 2021),16.88,17.05,16.5,16.7,16.631,-0.3718,57486,0,45852,U (Sep 2021),19.31,19.6,19.05,19.6,19.486,0.0881,78031.0,195.0,168682.0,214534.0,4481.0,19.505000000000003,18.630399999999998,False,False,False,75620.6,0.7601896837634189,,False,False,,,0,GREEN
155,2021-08-16,Q (Aug 2021),16.65,17.95,16.45,16.6,16.504,-0.127,64794,0,32675,U (Sep 2021),19.57,20.36,19.55,19.7,19.6237,0.1377,88913.0,0.0,178736.0,211411.0,-3123.0,19.234,18.596600000000002,False,False,False,75251.76,0.861029695518085,,False,False,,,0,GREEN
156,2021-08-17,Q (Aug 2021),16.65,19.35,16.5,18.15,17.5787,1.0747,84418,0,18213,U (Sep 2021),19.65,21.2,19.65,20.44,20.1697,0.546,142487.0,0.0,182103.0,200316.0,-11095.0,19.1495,18.6066,False,False,False,75872.68,1.112627101085661,,False,False,,,0,GREEN
157,2021-08-18,Q (Aug 2021),18.0,18.4,17.35,18.1,18.58,1.0013,641,0,17493,U (Sep 2021),20.4,21.95,20.0,21.65,21.7058,1.5361,101407.0,0.0,176232.0,193725.0,-6591.0,19.102,18.6086,False,False,False,74598.6,0.008592654553838812,,False,False,,,0,GREEN
158,2021-08-19,U (Sep 2021),21.65,23.2,21.3,22.24,22.346,0.6402,197377,948,171142,,,,,,,,,,,171142.0,,19.2065,18.6868,True,True,True,77266.44,2.5544984342490737,,True,False,,,4,ORANGE
159,2021-08-20,U (Sep 2021),22.2,23.1,20.35,20.56,20.5273,-1.8187,126294,0,155070,,,,,,,,,,,155070.0,-16072.0,19.2095,18.7574,True,True,True,78198.26,1.615048723590525,,False,False,,,3,YELLOW
160,2021-08-23,U (Sep 2021),20.6,20.6,19.45,19.7,19.8468,-0.6805,94276,390,145894,,,,,,,,,,,145894.0,-9176.0,19.189500000000002,18.8198,True,False,True,78743.64,1.1972522479275787,,False,False,,,2,YELLOW
161,2021-08-24,U (Sep 2021),19.7,19.9,19.5,19.65,19.7306,-0.1162,60186,79,141750,,,,,,,,,,,141750.0,-4144.0,19.1195,18.8798,True,False,True,78643.18,0.7653047600567526,,False,False,,,2,YELLOW
162,2021-08-25,U (Sep 2021),19.65,19.9,19.15,19.25,19.2328,-0.4978,55067,973,139644,,,,,,,,,,,139644.0,-2106.0,19.059500000000003,18.9228,True,False,True,78292.5,0.7033496184181116,,False,False,,,2,YELLOW
163,2021-08-26,U (Sep 2021),19.3,20.45,19.25,20.15,20.1229,0.8901,107636,0,133813,,,,,,,,,,,133813.0,-5831.0,19.067,18.9838,True,True,True,80408.7,1.3386113691677641,,False,False,,,3,YELLOW
164,2021-08-27,U (Sep 2021),20.15,20.4,18.8,19.05,18.9529,-1.17,81083,0,127508,,,,,,,,,,,127508.0,-6305.0,19.007,18.975800000000003,True,False,True,80185.64,1.0111910312120724,,False,False,,,2,YELLOW
165,2021-08-30,U (Sep 2021),19.1,19.2,18.65,18.7,18.746,-0.2069,65128,978,120884,,,,,,,,,,,120884.0,-6624.0,18.8895,18.9198,False,False,False,78300.52,0.8317696996137446,,False,False,,,0,GREEN
166,2021-08-31,U (Sep 2021),18.7,19.1,18.43,18.6,18.6212,-0.1248,66371,0,117945,,,,,,,,,,,117945.0,-2939.0,18.817,18.8878,False,False,False,77348.44,0.8580780685428174,,False,False,,,0,GREEN
167,2021-09-01,U (Sep 2021),18.5,18.76,17.9,18.1,18.0805,-0.5407,76389,425,114027,,,,,,,,,,,114027.0,-3918.0,18.726499999999998,18.8748,False,False,False,76970.94,0.9924394843040762,,False,False,,,0,GREEN
168,2021-09-02,U (Sep 2021),18.1,18.45,17.75,18.1,17.9632,-0.1173,69977,0,106130,,,,,,,,,,,106130.0,-7897.0,18.666,18.870800000000003,False,False,False,77131.56,0.907242119827474,,False,False,,,0,GREEN
169,2021-09-03,U (Sep 2021),18.05,18.65,17.85,18.26,18.3528,0.3896,81359,0,93209,,,,,,,,,,,93209.0,-12921.0,18.64,18.874000000000002,False,False,False,77648.22,1.0477896338125974,,False,False,,,0,GREEN
170,2021-09-07,U (Sep 2021),18.3,19.3,17.9,18.92,18.8314,0.4786,86267,0,83747,,,,,,,,,,,83747.0,-9462.0,18.671,18.8984,True,True,True,78349.0,1.1010606389360427,,False,False,,,3,YELLOW
171,2021-09-08,U (Sep 2021),18.9,20.15,18.7,19.1,18.7658,-0.0656,98829,0,72873,,,,,,,,,,,72873.0,-10874.0,18.723499999999998,18.9254,True,True,True,79154.5,1.2485581994706554,,False,False,,,3,YELLOW
172,2021-09-09,U (Sep 2021),19.1,20.1,18.33,19.4,19.3716,0.6058,104019,0,61109,,,,,,,,,,,61109.0,-11764.0,18.809,18.953999999999997,True,True,True,80135.8,1.2980340871370848,,False,False,,,3,YELLOW
173,2021-09-10,U (Sep 2021),19.5,20.71,18.1,20.49,20.6249,1.2533,110074,0,48515,,,,,,,,,,,48515.0,-12594.0,18.991000000000003,19.006800000000002,True,True,True,80950.14,1.35977528883829,,False,False,,,3,YELLOW
174,2021-09-13,U (Sep 2021),20.4,20.8,19.05,19.25,19.298,-1.3269,94848,0,31705,,,,,,,,,,,31705.0,-16810.0,19.1185,19.0408,True,True,True,81659.78,1.161502027068895,,False,False,,,3,YELLOW
175,2021-09-14,U (Sep 2021),19.3,20.4,18.65,19.65,19.715,0.417,81624,0,18705,,,,,,,,,,,18705.0,-13000.0,19.271,19.0838,True,True,True,81692.96,0.9991558636141963,,False,False,,,3,YELLOW
176,2021-09-15,U (Sep 2021),19.5,19.83,18.95,19.4,19.79,0.075,1049,0,17398,,,,,,,,,,,17398.0,-1307.0,19.333499999999997,19.1078,True,True,True,79827.24,0.013140877725448105,,False,False,,,3,YELLOW
177,2021-10-21,X (Nov 2021),19.35,19.7,18.65,18.95,18.6977,-0.6178,74115,0,195650,Z (Dec 2021),21.05,21.26,20.6,20.85,20.6504,-0.4007,53223.0,0.0,63202.0,258852.0,,19.375999999999998,19.1288,False,True,False,79825.8,0.9284592199514442,,False,False,,,1,GREEN
178,2021-10-22,X (Nov 2021),18.95,19.6,18.55,19.2,19.1016,0.4039,81858,0,189386,Z (Dec 2021),20.87,21.29,20.52,21.2,21.1001,0.4497,60096.0,0.0,69319.0,258705.0,-147.0,19.224,19.1178,True,False,False,78334.02,1.0449865843729198,,False,False,,,1,GREEN
179,2021-10-25,X (Nov 2021),19.25,19.45,18.5,18.6,18.5505,-0.5511,68650,948,181529,Z (Dec 2021),21.25,21.33,20.45,20.5,20.4983,-0.6018,50648.0,167.0,74031.0,255560.0,-3145.0,19.125999999999998,19.131800000000002,False,False,False,77622.06,0.8844135288344577,,False,False,,,0,GREEN
180,2021-10-26,X (Nov 2021),18.6,19.4,18.25,18.9,18.9246,0.3741,77215,0,174572,Z (Dec 2021),20.5,21.15,20.25,20.8,20.8037,0.3054,57655.0,0.0,79883.0,254455.0,-1105.0,19.086000000000002,19.1648,False,False,False,77861.8,0.9916929739615575,,False,False,,,0,GREEN
181,2021-10-27,X (Nov 2021),18.95,19.5,18.4,19.25,19.3496,0.425,96839,0,170841,Z (Dec 2021),20.82,21.35,20.35,21.15,21.2962,0.4925,62830.0,0.0,84869.0,255710.0,1255.0,19.066000000000003,19.1938,True,False,True,78274.5,1.237171748142754,,False,False,,,2,YELLOW
182,2021-10-28,X (Nov 2021),19.3,19.35,18.6,19.0,18.6503,-0.6993,72368,0,163083,Z (Dec 2021),21.14,21.25,20.77,21.15,20.8493,-0.4469,53524.0,0.0,92594.0,255677.0,-33.0,19.053500000000003,19.2304,False,False,False,78144.32,0.9260813837781171,,False,False,,,0,GREEN
183,2021-10-29,X (Nov 2021),18.95,19.55,18.65,18.75,18.7793,0.129,78156,0,153018,Z (Dec 2021),21.08,21.5,20.93,20.99,21.0533,0.204,60085.0,0.0,98265.0,251283.0,-4394.0,18.9835,19.253400000000003,False,False,False,77876.84,1.0035846344047858,,False,False,,,0,GREEN
184,2021-11-01,X (Nov 2021),18.75,19.26,18.35,18.45,18.3999,-0.3794,69406,0,149895,Z (Dec 2021),20.97,21.42,20.7,20.8,20.8006,-0.2527,56480.0,0.0,107684.0,257579.0,6296.0,18.9535,19.2524,False,False,False,77648.74,0.8938457983993043,,False,False,,,0,GREEN
185,2021-11-02,X (Nov 2021),18.45,18.66,17.81,17.9,17.8505,-0.5494,62356,297,145897,Z (Dec 2021),20.82,21.0,20.32,20.4,20.3509,-0.4497,53591.0,243.0,114360.0,260257.0,2678.0,18.9135,19.17,False,False,False,76057.36,0.819854909505142,,False,False,,,0,GREEN
186,2021-11-03,X (Nov 2021),17.9,18.15,17.0,17.21,17.1078,-0.7427,79658,0,138296,Z (Dec 2021),20.4,20.5,19.63,19.77,19.7495,-0.6014,64705.0,0.0,122107.0,260403.0,146.0,18.844,19.1174,False,False,False,76069.84,1.0471692854881778,,False,False,,,0,GREEN
187,2021-11-04,X (Nov 2021),17.22,17.8,16.83,17.35,17.4041,0.2963,91756,0,129653,Z (Dec 2021),19.77,20.25,19.46,19.96,20.084,0.3345,68346.0,0.0,128391.0,258044.0,-2359.0,18.8065,19.083399999999997,False,False,False,77875.36,1.1782417442436222,,False,False,,,0,GREEN
188,2021-11-05,X (Nov 2021),17.35,18.55,17.0,18.4,18.4401,1.036,115272,0,114423,Z (Dec 2021),19.98,20.62,19.74,20.4,20.5057,0.4217,84559.0,0.0,143038.0,257461.0,-583.0,18.8215,19.0484,False,True,False,78540.74,1.4676714275928644,,False,False,,,1,GREEN
189,2021-11-08,X (Nov 2021),18.45,18.95,17.95,18.4,18.4945,0.0544,93429,0,104278,Z (Dec 2021),20.44,20.85,20.2,20.45,20.5003,-0.0054,67917.0,0.0,147911.0,252189.0,-5272.0,18.8285,19.0064,False,True,False,79067.0,1.1816434163431013,,False,False,,,1,GREEN
190,2021-11-09,X (Nov 2021),18.4,19.6,18.4,18.9,18.9001,0.4056,108975,0,90603,Z (Dec 2021),20.5,21.28,20.45,20.85,20.827,0.3267,87284.0,0.0,156575.0,247178.0,-5011.0,18.827499999999997,18.9824,False,False,True,79886.46,1.3641235323232497,,False,False,,,1,GREEN
191,2021-11-10,X (Nov 2021),18.95,20.3,18.45,19.6,19.5268,0.6267,130698,0,75949,Z (Dec 2021),20.88,21.55,20.5,21.01,21.0045,0.1775,109819.0,0.0,164011.0,239960.0,-7218.0,18.8525,18.9534,True,True,True,80236.8,1.6289034458004306,,False,False,,,3,YELLOW
192,2021-11-11,X (Nov 2021),19.65,19.7,18.35,18.66,18.7588,-0.768,82443,0,62892,Z (Dec 2021),21.0,21.1,20.3,20.71,20.7957,-0.2088,82567.0,0.0,163684.0,226576.0,-13384.0,18.815499999999997,18.9176,False,False,False,80139.68,1.028741317659367,,False,False,,,0,GREEN
193,2021-11-12,X (Nov 2021),18.65,18.7,17.4,17.5,17.4182,-1.3406,79568,0,51736,Z (Dec 2021),20.7,20.78,20.0,20.12,20.108,-0.6877,86728.0,0.0,165126.0,216862.0,-9714.0,18.665999999999997,18.8676,False,False,False,80494.26,0.9884928440860256,,False,False,,,0,GREEN
194,2021-11-15,X (Nov 2021),17.4,17.88,16.93,17.0,17.0011,-0.4171,71747,0,36344,Z (Dec 2021),20.1,20.55,19.85,19.9,19.891,-0.217,82731.0,0.0,173275.0,209619.0,-7243.0,18.553499999999996,18.802599999999998,False,False,False,80322.46,0.8932370846211631,,False,False,,,0,GREEN
195,2021-11-16,X (Nov 2021),17.0,17.38,16.15,16.45,16.7991,-0.202,73852,0,20266,Z (Dec 2021),19.95,20.15,19.65,19.95,20.0017,0.1107,87882.0,0.0,181233.0,201499.0,-8120.0,18.3935,18.7106,False,False,False,80106.38,0.9219240714659681,,False,False,,,0,GREEN
196,2021-11-17,X (Nov 2021),16.58,16.65,16.28,16.45,16.34,-0.4591,1069,0,18216,Z (Dec 2021),19.95,20.45,19.8,20.35,20.2745,0.2728,78436.0,0.0,177407.0,195623.0,-5876.0,18.246000000000002,18.6386,False,False,False,78279.16,0.013656252826422766,,False,False,,,0,GREEN
197,2021-11-18,Z (Dec 2021),20.3,20.75,20.0,20.52,20.4995,0.225,69365,0,172541,F (Jan 2022),22.4,22.8,22.2,22.62,22.6455,0.2185,45413.0,0.0,60611.0,233152.0,,18.3245,18.6508,True,True,True,78528.3,0.8833121307859714,,False,False,,,3,YELLOW
198,2021-11-19,Z (Dec 2021),20.5,21.1,20.2,20.7,20.7994,0.2999,87585,0,168609,F (Jan 2022),22.62,23.08,22.4,22.7,22.7497,0.1042,53320.0,0.0,65916.0,234525.0,1373.0,18.399499999999996,18.678600000000003,True,True,True,79278.04,1.1047826106699914,,False,False,,,3,YELLOW
199,2021-11-22,Z (Dec 2021),20.7,21.26,20.15,20.95,21.1529,0.3535,93227,0,164035,F (Jan 2022),22.62,23.17,22.35,22.92,23.0998,0.3501,49933.0,0.0,69195.0,233230.0,-1295.0,18.517000000000003,18.721999999999998,True,True,True,79757.94,1.1688742211747194,,False,False,,,3,YELLOW
200,2021-11-23,Z (Dec 2021),21.0,21.6,20.5,20.7,20.563,-0.5899,104508,0,157873,F (Jan 2022),22.93,23.45,22.62,22.74,22.6656,-0.4342,58756.0,0.0,74655.0,232528.0,-702.0,18.607,18.77,True,True,True,80437.94,1.299237648303773,,False,False,,,3,YELLOW
201,2021-11-24,Z (Dec 2021),20.7,21.6,20.15,20.25,20.348,-0.215,102066,0,155049,F (Jan 2022),22.72,23.43,22.32,22.38,22.4538,-0.2118,57636.0,0.0,78450.0,233499.0,971.0,18.657,18.814,True,True,True,81234.52,1.2564363031873642,,False,False,,,3,YELLOW
202,2021-11-26,Z (Dec 2021),20.25,27.0,20.05,25.9,26.5412,6.1932,239590,0,172216,F (Jan 2022),22.35,27.52,22.2,26.45,27.0096,4.5558,121463.0,0.0,82853.0,255069.0,21570.0,19.002,18.9782,True,True,True,84554.86,2.8335449907905943,,True,False,,,4,ORANGE
203,2021-11-29,Z (Dec 2021),25.75,25.8,21.4,22.55,22.2041,-4.3371,202834,2301,144166,F (Jan 2022),26.3,26.3,23.34,24.04,23.7474,-3.2622,103376.0,947.0,79435.0,223601.0,-31468.0,19.192,19.0922,True,True,True,87475.94,2.3187404445153716,,True,False,,,4,ORANGE
204,2021-11-30,Z (Dec 2021),22.45,25.8,22.01,25.15,25.6865,3.4824,202333,1374,146216,F (Jan 2022),24.0,26.55,23.6,26.0,26.4777,2.7303,108073.0,687.0,86949.0,233165.0,9564.0,19.526999999999997,19.261200000000002,True,True,True,90372.88,2.2388685632238343,,True,False,,,4,ORANGE
205,2021-12-01,Z (Dec 2021),25.1,27.95,22.59,26.96,27.8304,2.1439,166567,0,134014,F (Jan 2022),26.0,28.0,24.25,27.43,27.964,1.4863,97918.0,0.0,89862.0,223876.0,-9289.0,19.98,19.4684,True,True,True,92408.34,1.8025104660466793,,False,False,,,3,YELLOW
206,2021-12-02,Z (Dec 2021),26.7,27.26,25.05,25.85,25.9392,-1.8912,161371,100,132060,F (Jan 2022),27.25,27.85,26.07,26.72,26.905,-1.059,102639.0,0.0,94082.0,226142.0,2266.0,20.412,19.6224,True,True,True,93947.4,1.7176739324345327,,False,False,,,3,YELLOW
207,2021-12-03,Z (Dec 2021),25.8,31.5,25.35,28.6,28.7301,2.7909,218810,1696,128602,F (Jan 2022),26.7,30.0,26.45,28.25,28.6173,1.7123,136467.0,1435.0,106727.0,235329.0,9187.0,20.9745,19.8324,True,True,True,98310.78,2.2256969174692744,,True,False,,,4,ORANGE
208,2021-12-06,Z (Dec 2021),28.7,28.85,25.7,25.9,25.8521,-2.878,131887,0,114089,F (Jan 2022),28.25,28.5,26.5,26.7,26.6506,-1.9667,81052.0,0.0,106732.0,220821.0,-14508.0,21.3495,19.9056,True,True,True,97000.98,1.3596460571841646,,False,False,,,3,YELLOW
209,2021-12-07,Z (Dec 2021),25.85,25.85,22.15,22.4,22.5437,-3.3084,123012,0,95356,F (Jan 2022),26.6,26.6,23.9,24.03,24.2002,-2.4504,78524.0,0.0,102965.0,198321.0,-22500.0,21.549500000000002,19.9424,True,True,True,96935.34,1.2690108684820212,,False,False,,,3,YELLOW
210,2021-12-08,Z (Dec 2021),22.4,23.1,20.65,20.75,20.8267,-1.717,86261,0,83147,F (Jan 2022),24.05,24.5,22.8,22.95,23.0192,-1.181,70312.0,0.0,104825.0,187972.0,-10349.0,21.642000000000003,19.9634,True,True,False,96775.04,0.8913558702739881,,False,False,,,2,YELLOW
211,2021-12-09,Z (Dec 2021),20.85,22.25,20.45,21.65,21.5672,0.7405,93532,0,79837,F (Jan 2022),22.95,23.96,22.7,23.62,23.5593,0.5401,67344.0,0.0,105947.0,185784.0,-2188.0,21.7445,20.003400000000003,True,True,False,97441.96,0.9598739598423512,,False,False,,,2,YELLOW
212,2021-12-10,Z (Dec 2021),21.6,21.85,19.75,19.86,19.7975,-1.7697,85031,0,74342,F (Jan 2022),23.62,23.75,22.23,22.36,22.2662,-1.2931,70321.0,0.0,114949.0,189291.0,3507.0,21.8045,20.0156,False,True,False,98041.24,0.8672982920248662,,False,False,,,1,GREEN
213,2021-12-13,Z (Dec 2021),19.9,21.25,19.35,20.45,20.5841,0.7866,88416,0,67874,F (Jan 2022),22.27,23.35,21.93,22.94,23.1634,0.8972,60334.0,0.0,117076.0,184950.0,-4341.0,21.952,20.0216,True,True,False,97656.84,0.9053743700902057,,False,False,,,2,YELLOW
214,2021-12-14,Z (Dec 2021),20.5,22.6,20.09,21.6,21.2857,0.7016,94827,0,60912,F (Jan 2022),23.0,24.5,22.73,23.72,23.4828,0.3194,67529.0,0.0,114855.0,175767.0,-9183.0,22.182,20.0726,True,True,False,97931.72,0.9682970951597705,,False,False,,,2,YELLOW
215,2021-12-15,Z (Dec 2021),21.55,22.55,19.0,19.2,19.0758,-2.2099,96275,0,55981,F (Jan 2022),23.65,24.5,21.9,21.9,21.9711,-1.5117,93860.0,203.0,122463.0,178444.0,2677.0,22.319499999999998,20.0826,False,True,False,98554.66,0.976869079554432,,False,False,,,1,GREEN
216,2021-12-16,Z (Dec 2021),19.2,21.25,18.35,20.25,20.4217,1.3459,115566,0,46798,F (Jan 2022),21.9,23.55,21.35,22.8,22.8188,0.8477,121310.0,0.0,125241.0,172039.0,-6405.0,22.5095,20.1156,True,True,False,99538.56,1.1610173986844898,,False,False,,,2,YELLOW
217,2021-12-17,Z (Dec 2021),20.2,22.46,20.0,20.97,21.0691,0.6474,103647,0,37957,F (Jan 2022),22.8,24.2,22.67,23.42,23.5739,0.7551,90750.0,0.0,132611.0,170568.0,-1471.0,22.532,20.173,True,True,False,100083.72,1.0356029931741146,,False,False,,,2,YELLOW
218,2021-12-20,Z (Dec 2021),21.05,25.75,21.0,22.6,22.8089,1.7398,108419,505,31410,F (Jan 2022),23.35,26.55,23.35,24.15,24.3107,0.7368,143083.0,0.0,140535.0,171945.0,1377.0,22.627000000000002,20.262999999999998,True,True,False,100852.56,1.0750247688308556,,False,False,,,2,YELLOW
219,2021-12-21,Z (Dec 2021),22.65,22.65,21.0,21.15,21.0726,-1.7363,60397,0,16943,F (Jan 2022),24.1,24.13,22.9,23.1,23.1636,-1.1471,98600.0,0.0,137001.0,153944.0,-18001.0,22.636999999999997,20.3208,True,True,False,100433.32,0.6013641687838259,,False,False,,,2,YELLOW
220,2021-12-22,Z (Dec 2021),21.2,21.75,20.7,21.05,20.83,-0.2426,788,0,14750,F (Jan 2022),23.15,23.55,21.79,21.8,21.8007,-1.3629,86621.0,0.0,133680.0,148430.0,-5514.0,22.6545,20.363400000000002,True,True,False,98723.74,0.007981869406487234,,False,False,,,2,YELLOW
221,2021-12-23,F (Jan 2022),21.8,21.95,21.3,21.7,21.6518,-0.1489,61154,878,132678,G (Feb 2022),23.5,23.57,23.1,23.35,23.3994,-0.1489,41643.0,51.0,56252.0,188930.0,,22.726999999999997,20.415399999999998,True,True,False,97970.24,0.6242099641687108,,False,False,,,2,YELLOW
222,2021-12-27,F (Jan 2022),21.7,21.9,20.9,21.05,21.0053,-0.6465,63941,184,128450,G (Feb 2022),23.32,23.55,22.9,23.0,23.0302,-0.3692,48072.0,0.0,59201.0,187651.0,-1279.0,22.4845,20.448400000000003,True,False,False,97168.68,0.6580412536220519,,False,False,,,1,GREEN
223,2021-12-28,F (Jan 2022),21.05,21.28,20.45,20.5,20.5305,-0.4748,73403,1535,124436,G (Feb 2022),23.0,23.17,22.55,22.56,22.6303,-0.3999,46900.0,307.0,64959.0,189395.0,1744.0,22.381999999999998,20.448600000000003,True,False,False,96435.26,0.7611634997406551,,False,False,,,1,GREEN
224,2021-12-29,F (Jan 2022),20.5,20.7,19.75,20.0,20.0072,-0.5233,62080,1068,118566,G (Feb 2022),22.55,22.77,21.93,22.12,22.104,-0.5263,47588.0,305.0,71223.0,189789.0,394.0,22.1245,20.4636,False,False,False,95779.9,0.6481526917443013,,False,False,,,0,GREEN
225,2021-12-30,F (Jan 2022),19.95,20.15,19.4,19.72,19.9439,-0.0633,62396,526,115183,G (Feb 2022),22.12,22.23,21.73,21.92,22.047,-0.057,43416.0,202.0,75149.0,190332.0,543.0,21.7625,20.465,False,False,False,95395.34,0.6540780713187877,,False,False,,,0,GREEN
226,2021-12-31,F (Jan 2022),19.75,20.2,19.5,19.65,19.6745,-0.2694,50314,0,112053,G (Feb 2022),21.95,22.3,21.75,21.93,21.9705,-0.0765,46598.0,0.0,80989.0,193042.0,2710.0,21.4525,20.47,False,False,False,96380.64,0.5220343006645318,,False,False,,,0,GREEN
227,2022-01-03,F (Jan 2022),19.6,19.81,18.75,19.05,18.8578,-0.8167,76498,1813,110575,G (Feb 2022),21.9,22.1,21.3,21.53,21.4095,-0.561,62735.0,1153.0,88903.0,199478.0,6436.0,20.975,20.472,False,False,False,96428.3,0.7933148256269166,,False,False,,,0,GREEN
228,2022-01-04,F (Jan 2022),19.0,19.65,18.55,19.0,18.8692,0.0114,76641,297,105508,G (Feb 2022),21.52,21.85,21.15,21.4,21.3187,-0.0908,68305.0,238.0,97226.0,202734.0,3256.0,20.630000000000003,20.468,False,False,False,96323.96,0.795658733299586,,False,False,,,0,GREEN
229,2022-01-05,F (Jan 2022),19.0,21.1,18.62,20.95,20.7745,1.9053,113743,717,99435,G (Feb 2022),21.39,22.8,21.02,22.7,22.6171,1.2984,94417.0,621.0,103192.0,202627.0,-107.0,20.557499999999997,20.515,True,False,True,97225.82,1.169884707580764,,False,False,,,2,YELLOW
230,2022-01-06,F (Jan 2022),20.95,21.8,20.22,20.9,20.8496,0.0751,100872,0,91440,G (Feb 2022),22.7,23.35,22.15,22.85,22.8491,0.232,83574.0,0.0,108267.0,199707.0,-2920.0,20.564999999999998,20.555,True,True,True,97698.96,1.0324777254537816,,False,False,,,3,YELLOW
231,2022-01-07,F (Jan 2022),20.85,21.5,20.2,20.5,20.398,-0.4516,92971,0,77551,G (Feb 2022),22.75,23.27,21.98,22.2,22.0204,-0.8287,97102.0,0.0,118824.0,196375.0,-3332.0,20.5075,20.58,False,False,False,97621.6,0.9523609529038655,,False,False,,,0,GREEN
232,2022-01-10,F (Jan 2022),20.55,23.05,19.8,19.98,19.9034,-0.4946,136154,75,68454,G (Feb 2022),22.2,23.8,21.6,21.7,21.7049,-0.3155,123695.0,0.0,123055.0,191509.0,-4866.0,20.5135,20.5996,False,True,False,98897.32,1.376720825195263,,False,False,,,1,GREEN
233,2022-01-11,F (Jan 2022),20.05,20.85,18.9,19.05,18.954,-0.9494,106524,0,62471,G (Feb 2022),21.72,22.4,20.9,21.0,20.9933,-0.7116,111363.0,0.0,135313.0,197784.0,6275.0,20.4435,20.6056,False,False,False,99464.68,1.070973133377597,,False,False,,,0,GREEN
234,2022-01-12,F (Jan 2022),19.0,19.2,18.15,18.7,18.5814,-0.3726,92713,0,51618,G (Feb 2022),21.0,21.25,20.42,21.0,20.9713,-0.022,95365.0,0.0,139506.0,191124.0,-6660.0,20.298499999999997,20.610599999999998,False,False,False,99930.82,0.9277718325537606,,False,False,,,0,GREEN
235,2022-01-13,F (Jan 2022),18.7,20.63,18.25,20.45,20.4167,1.8353,89670,0,44239,G (Feb 2022),20.95,22.25,20.6,22.2,22.0944,1.1231,102355.0,0.0,145021.0,189260.0,-1864.0,20.360999999999997,20.6616,False,True,True,100477.1,0.8924421584619778,,False,False,,,2,YELLOW
236,2022-01-14,F (Jan 2022),20.5,21.6,19.57,19.7,19.667,-0.7497,98207,0,35941,G (Feb 2022),22.14,22.93,21.57,21.8,21.7462,-0.3482,115483.0,0.0,149389.0,185330.0,-3930.0,20.333499999999997,20.711399999999998,False,False,False,100848.08,0.9738113011174828,,False,False,,,0,GREEN
237,2022-01-18,F (Jan 2022),19.7,22.9,19.45,22.65,22.6197,2.9527,94153,0,18521,G (Feb 2022),21.8,23.6,21.55,23.3,23.3922,1.646,139193.0,0.0,158065.0,176586.0,-8744.0,20.4175,20.8174,True,True,True,100896.02,0.9331686225085984,,False,False,,,3,YELLOW
238,2022-01-19,F (Jan 2022),22.45,23.5,21.7,22.25,22.79,0.1703,1254,0,17199,G (Feb 2022),23.3,24.16,22.66,24.1,24.0687,0.6765,124321.0,0.0,157315.0,174514.0,-2072.0,20.4,20.8944,True,False,True,98615.66,0.012716033133074402,,False,False,,,2,YELLOW
239,2022-01-20,G (Feb 2022),24.0,25.88,22.4,25.45,24.9658,0.8971,120318,220,149017,H (Mar 2022),24.47,25.8,23.48,25.55,25.1061,0.5401,70796.0,0.0,59925.0,208942.0,,20.615000000000002,21.0354,True,True,True,99153.44,1.2134526043675338,,False,False,,,3,YELLOW
240,2022-01-21,G (Feb 2022),25.5,27.6,24.9,27.4,27.3086,2.3428,217083,1223,141983,H (Mar 2022),25.51,27.15,25.05,26.99,26.8399,1.7338,131130.0,135.0,65873.0,207856.0,-1086.0,20.932499999999997,21.2054,True,True,True,101315.6,2.1426414096151034,,True,False,,,4,ORANGE
241,2022-01-24,G (Feb 2022),27.25,33.1,26.15,28.1,28.0683,0.7597,301461,0,148969,H (Mar 2022),27.0,30.95,26.12,27.48,27.4498,0.6099,176383.0,0.0,76687.0,225656.0,17800.0,21.2525,21.3754,True,True,True,104730.86,2.8784352577645214,,True,False,,,4,ORANGE
242,2022-01-25,G (Feb 2022),28.05,31.15,27.21,29.25,28.1645,0.0962,182278,0,134243,H (Mar 2022),27.5,29.75,27.17,28.47,27.7313,0.2815,108659.0,0.0,80118.0,214361.0,-11295.0,21.6625,21.587200000000003,True,True,True,106727.56,1.707881263283823,,False,False,,,3,YELLOW
243,2022-01-26,G (Feb 2022),29.2,29.45,25.45,28.6,28.633,0.4685,162298,0,129385,H (Mar 2022),28.45,28.6,25.95,28.07,28.1099,0.3786,98814.0,189.0,86689.0,216074.0,1713.0,22.067500000000003,21.8092,True,True,True,108382.16,1.4974604676636818,,False,False,,,3,YELLOW
244,2022-01-27,G (Feb 2022),28.4,30.7,26.45,27.97,28.8263,0.1933,141160,0,127036,H (Mar 2022),27.85,29.55,26.74,27.85,28.486,0.3761,86954.0,0.0,92900.0,219936.0,3862.0,22.466,22.0286,True,True,True,109770.42,1.2859566356765328,,False,False,,,3,YELLOW
245,2022-01-28,G (Feb 2022),28.0,30.1,26.55,27.1,26.8734,-1.9529,117246,0,123102,H (Mar 2022),27.9,29.25,26.8,27.12,27.0493,-1.4367,83854.0,0.0,99006.0,222108.0,2172.0,22.835,22.2416,True,True,True,110638.3,1.0597234411591645,,False,False,,,3,YELLOW
246,2022-01-31,G (Feb 2022),26.95,27.94,24.75,24.86,24.8523,-2.0211,111754,0,111441,H (Mar 2022),27.1,27.75,25.45,25.56,25.5448,-1.5045,77505.0,0.0,100848.0,212289.0,-9819.0,23.095499999999998,22.4098,True,True,True,112852.0,0.9902704427037181,,False,False,,,3,YELLOW
247,2022-02-01,G (Feb 2022),24.85,25.15,22.6,22.83,22.7458,-2.1065,102397,0,102781,H (Mar 2022),25.6,25.8,23.75,23.92,23.9061,-1.6387,74905.0,0.0,100156.0,202937.0,-9352.0,23.2845,22.456,True,True,False,113512.64,0.9020757512114951,,False,False,,,2,YELLOW
248,2022-02-02,G (Feb 2022),22.8,23.35,21.95,22.95,22.0259,-0.7199,104722,0,97533,H (Mar 2022),23.85,24.3,23.45,24.21,23.6318,-0.2743,83469.0,0.0,104418.0,201951.0,-986.0,23.482,22.500999999999998,True,True,False,113855.38,0.9197808658668567,,False,False,,,2,YELLOW
249,2022-02-03,G (Feb 2022),23.05,25.85,23.03,23.9,25.7306,3.7047,144294,0,90261,H (Mar 2022),24.3,26.15,24.2,24.75,26.0671,2.4353,103246.0,0.0,108169.0,198430.0,-3521.0,23.6295,22.56,True,True,True,114876.72,1.2560769492722286,,False,False,,,3,YELLOW
250,2022-02-04,G (Feb 2022),24.1,26.1,23.32,24.35,24.2613,-1.4693,125528,0,78090,H (Mar 2022),24.9,26.3,24.42,25.24,25.1484,-0.9187,89354.0,0.0,112763.0,190853.0,-7577.0,23.802,22.633000000000003,True,True,True,115297.12,1.088734913760205,,False,False,,,3,YELLOW
251,2022-02-07,G (Feb 2022),24.3,24.7,22.85,23.35,23.6521,-0.6092,76932,0,71080,H (Mar 2022),25.19,25.55,24.05,24.3,24.5363,-0.6121,78512.0,0.0,116012.0,187092.0,-3761.0,23.9445,22.695,True,True,False,114794.44,0.6701718306217618,34.92063492063492,False,False,,,2,YELLOW
252,2022-02-08,G (Feb 2022),23.45,23.91,22.2,22.4,22.3116,-1.3405,75944,379,62724,H (Mar 2022),24.35,24.65,23.35,23.45,23.4098,-1.1265,65228.0,884.0,119986.0,182710.0,-4382.0,24.0655,22.625,False,True,False,111521.52,0.6809806752992607,32.142857142857146,False,False,,,1,GREEN
253,2022-02-09,G (Feb 2022),22.35,22.38,21.1,21.38,21.1561,-1.1555,74638,630,56620,H (Mar 2022),23.41,23.47,22.6,22.71,22.6687,-0.7411,83902.0,1891.0,127093.0,183713.0,1003.0,24.182,22.601599999999998,False,True,False,108957.6,0.6850187595908867,31.349206349206348,False,False,,,1,GREEN
254,2022-02-10,G (Feb 2022),21.35,24.95,21.25,24.2,24.2186,3.0625,116707,30,46115,H (Mar 2022),22.7,25.07,22.64,24.6,24.5799,1.9112,123616.0,182.0,129901.0,176016.0,-7697.0,24.457,22.5826,True,True,False,107245.08,1.0882270776430956,82.14285714285714,False,False,,,2,YELLOW
255,2022-02-11,G (Feb 2022),24.2,29.7,23.7,27.05,27.814,3.5954,131665,0,37514,H (Mar 2022),24.6,28.35,24.2,27.16,27.69,3.1101,166628.0,0.0,139493.0,177007.0,991.0,24.787,22.584399999999995,True,True,True,106547.04,1.2357452633128054,86.90476190476191,False,False,0.0,,3,YELLOW
256,2022-02-14,G (Feb 2022),27.4,30.82,27.2,28.45,28.3374,0.5234,99259,0,29487,H (Mar 2022),27.15,29.5,27.0,27.75,27.7476,0.0576,160709.0,0.0,148527.0,178014.0,1007.0,25.2245,22.6364,True,True,True,105304.8,0.9425876123405581,69.04761904761905,False,False,0.0,,3,YELLOW
257,2022-02-15,G (Feb 2022),28.25,28.8,25.22,25.85,25.3833,-2.9541,74087,0,16539,H (Mar 2022),27.7,28.1,25.2,25.5,25.5484,-2.1992,135056.0,0.0,148969.0,165508.0,-12506.0,25.3845,22.581400000000002,True,True,True,102410.34,0.7234328096166852,30.555555555555557,False,False,0.0,,3,YELLOW
258,2022-02-16,G (Feb 2022),25.8,26.3,24.65,26.28,26.37,0.9867,1050,0,15038,H (Mar 2022),25.55,26.45,24.4,24.55,24.4723,-1.0761,100017.0,0.0,143406.0,158444.0,-7064.0,25.586,22.589000000000002,True,True,True,99793.6,0.010521716823523753,1.984126984126984,False,False,0.0,,3,YELLOW
259,2022-02-17,H (Mar 2022),24.55,27.8,24.28,27.65,27.5683,3.096,123784,0,141732,J (Apr 2022),24.85,26.97,24.65,26.85,26.8288,2.0149,62403.0,0.0,50157.0,191889.0,,25.695999999999998,22.693999999999996,True,True,True,99809.04,1.2402083017730658,84.52380952380952,False,False,0.0,,3,YELLOW
260,2022-02-18,H (Mar 2022),27.6,28.85,26.25,28.25,28.1482,0.5799,106504,0,137933,J (Apr 2022),26.75,27.67,25.95,27.3,27.2767,0.4479,62412.0,0.0,54403.0,192336.0,447.0,25.7385,22.843999999999998,True,True,True,100213.9,1.0627667419389926,73.01587301587301,False,False,0.0,0.0,3,YELLOW
261,2022-02-22,H (Mar 2022),28.35,30.3,26.75,27.9,27.9601,-0.1881,142176,0,132927,J (Apr 2022),27.5,28.27,26.4,27.07,27.0851,-0.1916,75779.0,0.0,55771.0,188698.0,-3638.0,25.728500000000004,22.969,True,False,True,101186.78,1.4050847353774871,90.07936507936508,False,True,1.0,1.0,3,YELLOW
262,2022-02-23,H (Mar 2022),27.82,29.82,26.68,29.75,29.6693,1.7092,106590,0,128101,J (Apr 2022),27.0,28.65,26.27,28.55,28.5132,1.4281,63664.0,0.0,62269.0,190370.0,1672.0,25.753500000000003,23.1668,True,True,True,101617.96,1.0489287523583428,73.01587301587301,False,False,1.0,1.0,3,YELLOW
263,2022-02-24,H (Mar 2022),29.8,34.05,28.44,28.96,28.5487,-1.1206,162778,913,123842,J (Apr 2022),28.6,31.35,27.55,28.0,27.7218,-0.7914,81461.0,351.0,64650.0,188492.0,-1878.0,25.771499999999996,23.337,True,True,True,103105.2,1.5787564545726114,93.25396825396825,False,True,2.0,2.0,5,ORANGE
264,2022-02-25,H (Mar 2022),28.79,30.44,26.82,27.35,27.2572,-1.2915,109594,0,109415,J (Apr 2022),27.94,28.92,26.62,27.0,26.9481,-0.7737,68661.0,0.0,69725.0,179140.0,-9352.0,25.740500000000004,23.451999999999998,True,False,True,103400.54,1.059897752951774,75.39682539682539,False,False,2.0,2.0,3,YELLOW
265,2022-02-28,H (Mar 2022),29.5,31.1,28.04,28.64,28.6169,1.3597,126566,0,108857,J (Apr 2022),28.65,29.8,27.62,28.11,28.1501,1.202,87069.0,0.0,81892.0,190749.0,11609.0,25.817500000000003,23.6408,True,True,True,104006.36,1.2169063507270133,84.52380952380952,False,False,2.0,2.0,4,ORANGE
266,2022-03-01,H (Mar 2022),28.7,32.61,28.13,31.5,32.1241,3.5072,112316,199,104666,J (Apr 2022),28.22,30.97,27.8,30.32,30.6762,2.5261,76106.0,0.0,90001.0,194667.0,3918.0,26.1495,23.8658,True,True,True,103941.36,1.0805708141590604,77.38095238095238,False,False,1.0,2.0,3,YELLOW
267,2022-03-02,H (Mar 2022),31.75,32.85,29.35,29.95,29.6145,-2.5096,92196,0,97084,J (Apr 2022),30.5,31.17,28.8,29.35,29.0901,-1.5861,61467.0,0.0,95084.0,192168.0,-2499.0,26.5055,24.0454,True,True,True,103712.34,0.8889588259217756,55.158730158730165,False,False,1.0,2.0,3,YELLOW
268,2022-03-03,H (Mar 2022),29.92,30.9,28.8,29.75,29.9057,0.2912,80310,0,90986,J (Apr 2022),29.3,29.92,28.57,29.39,29.4694,0.3793,60265.0,95.0,100633.0,191619.0,-549.0,26.845499999999998,24.1884,True,True,True,103150.16,0.7785736832594345,39.285714285714285,False,False,0.0,2.0,3,YELLOW
269,2022-03-04,H (Mar 2022),29.75,33.2,29.7,31.9,31.5274,1.6217,106689,0,87715,J (Apr 2022),29.35,31.55,29.35,30.6,30.3012,0.8318,93107.0,0.0,110365.0,198080.0,6461.0,27.2455,24.403399999999998,True,True,True,104076.0,1.0251066528306239,72.61904761904762,False,False,0.0,2.0,3,YELLOW
270,2022-03-07,H (Mar 2022),32.85,34.94,31.4,34.71,34.8105,3.2831,93572,312,78322,J (Apr 2022),31.1,32.95,30.35,32.82,32.86,2.5588,77946.0,624.0,116230.0,194552.0,-3528.0,27.7635,24.676599999999997,True,True,True,105931.68,0.8833240443274383,59.523809523809526,False,False,0.0,2.0,3,YELLOW
271,2022-03-08,H (Mar 2022),34.8,36.5,32.04,34.15,33.9186,-0.8919,111610,723,64003,J (Apr 2022),32.9,33.85,30.97,32.8,32.6065,-0.2535,104632.0,370.0,121072.0,185075.0,-9477.0,28.303499999999996,24.9256,True,True,True,106940.8,1.0436615398426046,78.17460317460318,False,False,0.0,1.0,3,YELLOW
272,2022-03-09,H (Mar 2022),34.2,34.35,31.05,31.8,32.1193,-1.7993,68250,0,53501,J (Apr 2022),32.91,32.91,30.52,31.25,31.4927,-1.1138,88854.0,0.0,127290.0,180791.0,-4284.0,28.773500000000002,25.1406,True,True,True,107026.98,0.637689674136372,21.03174603174603,False,False,0.0,1.0,3,YELLOW
273,2022-03-10,H (Mar 2022),31.8,33.43,30.15,30.25,30.4155,-1.7038,71382,0,46141,J (Apr 2022),31.3,32.47,29.75,29.93,30.1263,-1.3664,90685.0,0.0,128404.0,174545.0,-6246.0,29.217000000000002,25.3356,True,True,True,106986.56,0.6672053013013971,25.0,False,False,0.0,0.0,3,YELLOW
274,2022-03-11,H (Mar 2022),30.4,31.1,28.45,31.0,31.0024,0.5869,74322,0,33036,J (Apr 2022),29.95,30.85,28.7,30.67,30.78,0.6537,102076.0,0.0,132407.0,165443.0,-9102.0,29.557,25.5556,True,True,True,107231.4,0.6930992228022762,31.349206349206348,False,False,0.0,0.0,3,YELLOW
275,2022-03-14,H (Mar 2022),30.5,32.9,29.59,31.5,31.8036,0.8012,52728,100,25322,J (Apr 2022),30.5,32.65,29.68,31.65,31.7235,0.9435,114518.0,270.0,146896.0,172218.0,6775.0,29.779500000000002,25.7912,True,True,True,107038.04,0.4926099169977328,6.349206349206349,False,False,0.0,0.0,3,YELLOW
276,2022-03-15,H (Mar 2022),31.62,33.4,31.2,31.85,32.28,0.4764,3276,0,19833,J (Apr 2022),31.55,32.9,30.0,30.37,30.7261,-0.9974,101098.0,0.0,140543.0,160376.0,-11842.0,29.9495,26.0352,True,True,True,106097.28,0.03087732315097993,5.158730158730158,False,False,0.0,0.0,3,YELLOW
277,2022-03-17,J (Apr 2022),27.3,28.1,26.68,27.49,27.1143,-0.4268,78920,0,130598,K (May 2022),27.65,28.3,27.06,27.73,27.4593,-0.5132,52668.0,0.0,44870.0,175468.0,,30.0315,26.204,True,True,False,106145.72,0.7435061913000355,37.698412698412696,False,False,0.0,0.0,2,YELLOW
278,2022-03-18,J (Apr 2022),27.5,27.95,25.5,25.6,25.6406,-1.4737,74498,0,125594,K (May 2022),27.7,28.15,26.03,26.03,26.2185,-1.2408,46867.0,0.0,46082.0,171676.0,-3792.0,29.997499999999995,26.336000000000002,False,False,False,106102.86,0.7021299897099852,31.349206349206348,False,False,0.0,0.0,0,GREEN
279,2022-03-21,J (Apr 2022),25.7,26.45,24.78,25.4,25.482,-0.1586,74297,0,122255,K (May 2022),26.15,26.63,25.33,26.05,26.1731,-0.0454,46331.0,0.0,48200.0,170455.0,-1221.0,29.884999999999998,26.425,False,False,False,105313.94,0.7054811547265253,30.952380952380953,False,False,0.0,0.0,0,GREEN
280,2022-03-22,J (Apr 2022),25.4,25.95,24.7,24.9,24.9989,-0.4831,59401,0,121757,K (May 2022),26.2,26.5,25.55,25.68,25.7186,-0.4545,36729.0,0.0,51442.0,173199.0,2744.0,29.7175,26.505,False,False,False,104484.52,0.5685148383703155,10.714285714285714,False,False,0.0,0.0,0,GREEN
281,2022-03-23,J (Apr 2022),25.0,25.8,24.8,25.1,24.8925,-0.1064,74427,147,118612,K (May 2022),25.76,26.4,25.64,25.9,25.7515,0.0329,44585.0,0.0,52649.0,171261.0,-1938.0,29.577499999999997,26.596999999999998,False,False,False,104113.64,0.7148631053529586,32.142857142857146,False,False,0.0,0.0,0,GREEN
282,2022-03-24,J (Apr 2022),25.15,25.2,24.05,24.25,24.2654,-0.6271,64302,0,119345,K (May 2022),25.9,26.05,25.12,25.45,25.4518,-0.2997,43432.0,450.0,55885.0,175230.0,3969.0,29.3025,26.682399999999998,False,False,False,102676.6,0.626257589363107,15.873015873015872,False,False,0.0,0.0,0,GREEN
283,2022-03-25,J (Apr 2022),24.25,24.71,23.4,23.6,23.4552,-0.8102,74844,265,118054,K (May 2022),25.45,25.85,24.8,24.97,24.8564,-0.5954,48543.0,240.0,59857.0,177911.0,2681.0,29.034499999999998,26.773400000000002,False,False,False,102043.0,0.7334555040522133,33.33333333333333,False,False,0.0,0.0,0,GREEN
284,2022-03-28,J (Apr 2022),23.55,24.8,22.9,22.95,22.9946,-0.4606,75086,0,115261,K (May 2022),25.0,25.95,24.55,24.65,24.6115,-0.2449,48591.0,0.0,65511.0,180772.0,2861.0,28.8145,26.858399999999996,False,False,False,101690.46,0.7383780150075041,34.12698412698413,False,False,0.0,0.0,0,GREEN
285,2022-03-29,J (Apr 2022),23.04,23.15,21.55,21.85,21.7532,-1.2414,76223,0,118255,K (May 2022),24.68,24.75,23.63,23.77,23.7145,-0.897,51678.0,0.0,71694.0,189949.0,9177.0,28.475,26.8864,False,False,False,101421.52,0.7515466145646407,35.714285714285715,False,False,0.0,0.0,0,GREEN
286,2022-03-30,J (Apr 2022),21.85,22.85,21.54,21.99,22.07,0.3168,69188,0,117104,K (May 2022),23.8,24.68,23.65,24.03,24.0735,0.359,43327.0,0.0,77241.0,194345.0,4396.0,27.9995,26.9322,False,False,False,100841.14,0.6861088639021733,23.015873015873016,False,False,0.0,0.0,0,GREEN
287,2022-03-31,J (Apr 2022),22.0,23.6,21.75,23.1,23.469,1.399,73859,0,110852,K (May 2022),24.06,25.05,23.87,24.77,24.9877,0.9142,50082.0,0.0,83146.0,193998.0,-347.0,27.657,26.9412,False,False,False,100435.26,0.735389145206574,30.555555555555557,False,False,0.0,0.0,0,GREEN
288,2022-04-01,J (Apr 2022),23.15,23.5,22.25,22.48,22.3324,-1.1366,71733,0,108390,K (May 2022),24.8,25.12,24.19,24.37,24.2141,-0.7736,55359.0,0.0,90644.0,199034.0,5036.0,27.2935,26.9458,False,False,False,101844.84,0.7043361254237328,26.984126984126984,False,False,0.0,0.0,0,GREEN
289,2022-04-04,J (Apr 2022),22.5,22.6,20.9,21.1,20.9619,-1.3705,56661,0,105984,K (May 2022),24.3,24.45,23.1,23.26,23.1475,-1.0666,52515.0,0.0,98541.0,204525.0,5491.0,26.753500000000003,26.858800000000002,False,False,False,100571.7,0.5633891044896328,8.333333333333332,False,False,0.0,0.0,0,GREEN
290,2022-04-05,J (Apr 2022),21.1,23.31,20.93,22.85,23.2559,2.294,77233,0,97099,K (May 2022),23.2,24.9,23.16,24.58,24.8412,1.6937,64283.0,0.0,101712.0,198811.0,-5714.0,26.160500000000003,26.7678,False,False,False,97774.7,0.7899078186892928,40.07936507936508,False,False,0.0,0.0,0,GREEN
291,2022-04-06,J (Apr 2022),22.8,25.6,22.75,24.05,23.7022,0.4463,97151,0,89662,K (May 2022),24.55,26.5,24.5,25.55,25.3363,0.4951,71220.0,0.0,109023.0,198685.0,-126.0,25.6555,26.686799999999998,False,False,False,93688.5,1.0369575775041762,68.25396825396825,False,False,0.0,0.0,0,GREEN
292,2022-04-07,J (Apr 2022),24.0,24.45,22.64,23.1,22.9769,-0.7253,74201,0,81168,K (May 2022),25.6,26.0,24.55,24.9,24.7128,-0.6235,58694.0,0.0,113989.0,195157.0,-3528.0,25.2205,26.5638,False,False,False,91526.96,0.8107010218628478,32.93650793650794,False,False,0.0,0.0,0,GREEN
293,2022-04-08,J (Apr 2022),23.1,23.7,22.0,22.9,22.8475,-0.1294,60549,0,73147,K (May 2022),24.85,25.21,24.15,24.65,24.7489,0.0361,52311.0,0.0,119526.0,192673.0,-2484.0,24.853,26.4498,False,False,False,89491.98,0.6765857677972932,11.904761904761903,False,False,0.0,0.0,0,GREEN
294,2022-04-11,J (Apr 2022),22.75,24.86,22.66,24.73,24.7042,1.8567,74357,100,63293,K (May 2022),24.64,25.95,24.58,25.87,25.9219,1.173,69561.0,0.0,126605.0,189898.0,-2775.0,24.5395,26.385,False,False,True,88155.92,0.8434714310734889,34.523809523809526,False,False,0.0,0.0,1,GREEN
295,2022-04-12,J (Apr 2022),24.75,25.55,23.3,24.9,25.0641,0.3599,78569,0,54074,K (May 2022),25.85,26.4,24.75,26.1,26.2047,0.2828,86227.0,0.0,131738.0,185812.0,-4086.0,24.209500000000002,26.341000000000005,False,False,True,87382.38,0.8991400783544691,43.25396825396825,False,False,0.0,0.0,1,GREEN
296,2022-04-13,J (Apr 2022),24.9,25.0,22.5,22.88,22.6858,-2.3783,72753,0,48842,K (May 2022),26.1,26.35,24.37,24.55,24.4289,-1.7758,79555.0,0.0,140725.0,189567.0,3755.0,23.761000000000003,26.301399999999997,False,False,False,86602.36,0.8400810324337582,29.365079365079367,False,False,0.0,0.0,0,GREEN
297,2022-04-14,J (Apr 2022),22.9,23.65,21.95,23.61,23.4211,0.7353,68021,670,40373,K (May 2022),24.55,25.2,23.71,25.02,25.0983,0.6694,92076.0,370.0,145701.0,186074.0,-3493.0,23.567,26.317000000000004,False,False,True,85914.84,0.791725853182058,23.015873015873016,False,False,0.0,0.0,1,GREEN
298,2022-04-18,J (Apr 2022),23.5,24.36,22.5,22.65,22.9518,-0.4693,48582,0,31641,K (May 2022),25.0,25.67,24.46,24.6,24.7867,-0.3116,76309.0,1730.0,151676.0,183317.0,-2757.0,23.419500000000003,26.311,False,False,False,84792.04,0.5729547254671548,5.158730158730158,False,False,0.0,0.0,0,GREEN
299,2022-04-19,J (Apr 2022),22.65,23.15,20.7,21.6,21.1489,-1.8029,55558,0,19137,K (May 2022),24.55,25.01,23.25,23.81,23.5416,-1.2451,98582.0,0.0,163190.0,182327.0,-990.0,23.229499999999998,26.265,False,False,False,83017.32,0.6692338418055412,8.73015873015873,False,False,0.0,0.0,0,GREEN
300,2022-04-20,J (Apr 2022),21.8,22.1,20.1,20.25,20.3,-0.8489,888,0,18599,K (May 2022),23.85,24.05,22.79,22.94,22.9919,-0.5497,94064.0,0.0,163864.0,182463.0,136.0,22.997,26.183000000000003,False,False,False,80524.52,0.011027696905240789,1.1904761904761905,False,False,0.0,0.0,0,GREEN
301,2022-04-21,K (May 2022),22.95,25.18,22.46,24.9,24.6907,1.6988,113393,0,161221,M (Jun 2022),24.45,26.22,24.03,26.07,25.9855,1.4876,62437.0,0.0,60928.0,222149.0,,22.987000000000002,26.214000000000002,False,False,True,81253.74,1.3955419159782676,82.93650793650794,False,False,0.0,0.0,1,GREEN
302,2022-04-22,K (May 2022),24.79,28.55,24.45,28.25,27.9879,3.2972,159045,0,153727,M (Jun 2022),26.01,28.55,25.83,28.35,28.2171,2.2316,71719.0,0.0,63904.0,217631.0,-4518.0,23.187,26.331,True,True,True,82915.76,1.9181516276278479,94.04761904761905,True,True,1.0,1.0,5,ORANGE
303,2022-04-25,K (May 2022),28.05,29.65,27.03,27.09,27.2576,-0.7303,175024,0,140263,M (Jun 2022),28.25,29.37,27.57,27.67,27.7051,-0.512,77475.0,0.0,65648.0,205911.0,-11720.0,23.3615,26.445200000000003,True,True,True,84923.48,2.060961232394151,96.03174603174604,True,True,2.0,2.0,6,RED
304,2022-04-26,K (May 2022),27.1,31.2,26.83,31.1,30.3018,3.0442,131356,0,137018,M (Jun 2022),27.67,30.4,27.52,30.28,29.9546,2.2495,70216.0,0.0,70743.0,207761.0,1850.0,23.769,26.5832,True,True,True,85216.46,1.5414392947090267,88.09523809523809,False,False,2.0,2.0,4,ORANGE
305,2022-04-27,K (May 2022),30.95,31.0,28.95,29.85,30.8249,0.5231,127707,336,132611,M (Jun 2022),30.3,30.5,28.9,29.73,30.3942,0.4396,78867.0,150.0,77854.0,210465.0,2704.0,24.169,26.639200000000002,True,True,True,85137.3,1.5000123330197221,87.3015873015873,False,False,2.0,2.0,4,ORANGE
306,2022-04-28,K (May 2022),29.85,30.1,27.7,29.15,29.2407,-1.5842,115326,0,124067,M (Jun 2022),29.7,29.9,28.1,29.25,29.2815,-1.1127,72813.0,0.0,82477.0,206544.0,-3921.0,24.527,26.653200000000002,True,True,True,85458.64,1.349494913562865,83.33333333333334,False,False,2.0,2.0,4,ORANGE
307,2022-04-29,K (May 2022),29.5,31.8,28.6,31.3,31.6487,2.408,118529,0,127178,M (Jun 2022),29.45,31.32,28.9,30.83,31.2085,1.927,76555.0,0.0,92648.0,219826.0,13282.0,24.937,26.762199999999996,True,True,True,86347.48,1.3726978482753638,84.52380952380952,False,False,1.0,2.0,3,YELLOW
308,2022-05-02,K (May 2022),31.2,33.45,30.7,30.85,30.9477,-0.701,127654,0,118623,M (Jun 2022),30.9,32.61,30.56,30.86,30.9012,-0.3073,94837.0,0.0,101263.0,219886.0,60.0,25.3555,26.8536,True,True,True,88879.56,1.436258235301795,87.3015873015873,False,False,0.0,2.0,3,YELLOW
309,2022-05-03,K (May 2022),30.6,31.35,28.55,28.77,28.8864,-2.0613,107525,984,109068,M (Jun 2022),30.9,31.2,29.06,29.25,29.3377,-1.5635,78059.0,104.0,97789.0,206857.0,-13029.0,25.738999999999997,26.876000000000005,True,True,True,88554.38,1.2142256543380463,76.98412698412699,False,False,0.0,2.0,3,YELLOW
310,2022-05-04,K (May 2022),28.8,28.95,25.6,26.05,25.762,-3.1244,113593,0,97961,M (Jun 2022),29.25,29.35,26.8,27.13,26.9854,-2.3523,79786.0,0.0,95887.0,193848.0,-13009.0,25.899,26.832000000000004,False,True,True,88696.16,1.2806980595326787,81.34920634920636,False,False,0.0,2.0,2,YELLOW
311,2022-05-05,K (May 2022),26.05,32.1,25.95,30.95,31.3271,5.5651,144226,0,93655,M (Jun 2022),27.12,31.75,27.03,30.95,31.3722,4.3868,127384.0,0.0,101803.0,195458.0,1610.0,26.244,26.893,True,True,True,88737.16,1.6253168345707705,92.46031746031747,False,True,1.0,3.0,5,ORANGE
312,2022-05-06,K (May 2022),31.05,33.88,30.5,30.8,30.8118,-0.5153,142527,0,90335,M (Jun 2022),30.95,33.1,30.67,30.83,30.789,-0.5832,114880.0,0.0,108087.0,198422.0,2964.0,26.629,26.914,True,True,True,89455.9,1.5932655084795972,91.66666666666666,False,True,2.0,3.0,6,RED
313,2022-05-09,K (May 2022),31.15,34.29,31.1,34.05,33.8168,3.005,106310,120,81054,M (Jun 2022),31.15,33.32,31.1,33.1,33.0703,2.2813,88127.0,0.0,117300.0,198354.0,-68.0,27.186500000000002,27.0158,True,True,True,88326.54,1.2036019977687342,73.80952380952381,False,False,2.0,2.0,4,ORANGE
314,2022-05-10,K (May 2022),34.05,34.9,31.64,32.5,32.254,-1.5628,87702,90,72143,M (Jun 2022),33.05,33.65,31.35,32.07,31.9614,-1.1089,85797.0,0.0,117945.0,190088.0,-8266.0,27.575,27.1188,True,True,True,87888.7,0.997875722362488,55.952380952380956,False,False,2.0,2.0,4,ORANGE
315,2022-05-11,K (May 2022),32.35,33.75,30.4,31.6,32.1627,-0.0913,103956,54,57991,M (Jun 2022),32.1,32.95,30.45,31.6,31.7389,-0.2225,104738.0,0.0,118477.0,176468.0,-13620.0,27.910000000000004,27.177999999999997,True,True,True,87436.5,1.1889313959273302,71.42857142857143,False,False,2.0,2.0,4,ORANGE
316,2022-05-12,K (May 2022),31.5,33.48,31.0,31.5,31.2544,-0.9083,90101,0,52549,M (Jun 2022),31.55,32.95,31.05,31.5,31.261,-0.4779,101695.0,0.0,120558.0,173107.0,-3361.0,28.341,27.177999999999997,True,True,True,86992.2,1.0357365372987464,57.53968253968254,False,False,1.0,2.0,3,YELLOW
317,2022-05-13,K (May 2022),31.6,31.6,28.75,29.0,28.8191,-2.4353,67155,54,41910,M (Jun 2022),31.45,31.45,29.2,29.35,29.3959,-1.8651,111735.0,0.0,120651.0,162561.0,-10546.0,28.610500000000002,27.158999999999995,True,True,True,86491.38,0.7764357557943924,21.825396825396826,False,False,0.0,2.0,3,YELLOW
318,2022-05-16,K (May 2022),28.8,29.55,27.35,27.85,27.5856,-1.2335,59155,0,34155,M (Jun 2022),29.3,29.85,28.05,28.25,28.0855,-1.3104,102593.0,0.0,124662.0,158817.0,-3744.0,28.870500000000003,27.121,True,True,False,86068.28,0.6873031504754132,11.11111111111111,False,False,0.0,2.0,2,YELLOW
319,2022-05-17,K (May 2022),27.6,27.75,25.75,26.45,26.5988,-0.9868,53271,598,22524,M (Jun 2022),28.35,28.35,27.05,27.43,27.4896,-0.5959,107083.0,0.0,133429.0,155953.0,-2864.0,29.113,27.012000000000004,False,True,False,84999.92,0.6267182369112818,7.142857142857142,False,False,0.0,2.0,1,GREEN
320,2022-05-18,K (May 2022),26.7,27.2,26.3,27.1,27.68,1.0812,1037,0,21668,M (Jun 2022),27.4,31.75,27.25,31.58,31.5195,4.0299,159046.0,0.0,142017.0,163685.0,7732.0,29.4555,26.8598,True,True,False,83149.22,0.012471554152883214,1.5873015873015872,False,False,0.0,2.0,2,YELLOW
321,2022-05-19,M (Jun 2022),31.55,32.95,29.07,29.15,29.286,-2.2335,150386,110,128906,N (Jul 2022),31.41,32.51,29.65,29.66,29.7555,-1.6265,70671.0,0.0,58980.0,187886.0,,29.668,26.7598,True,True,False,83924.74,1.7919149943151447,92.85714285714286,False,True,1.0,2.0,3,YELLOW
322,2022-05-20,M (Jun 2022),29.15,31.7,28.05,29.5,29.4224,0.1364,125711,0,123105,N (Jul 2022),29.65,31.7,28.95,29.9,29.9611,0.2056,62238.0,0.0,59291.0,182396.0,-5490.0,29.7305,26.713800000000003,True,True,False,85073.96,1.477667196871992,85.31746031746032,False,False,1.0,1.0,2,YELLOW
323,2022-05-23,M (Jun 2022),29.35,29.95,28.5,28.85,29.0797,-0.3427,79115,0,120019,N (Jul 2022),29.85,30.25,29.2,29.64,29.828,-0.1331,43381.0,0.0,59533.0,179552.0,-2844.0,29.8185,26.6858,True,True,False,85228.62,0.9282679926062396,44.44444444444444,False,False,1.0,1.0,2,YELLOW
324,2022-05-24,M (Jun 2022),29.15,30.55,28.94,29.24,29.1855,0.1058,93976,0,114185,N (Jul 2022),29.75,30.92,29.75,29.88,29.8518,0.0238,43480.0,0.0,63019.0,177204.0,-2348.0,29.7255,26.6506,True,False,False,85621.7,1.0975722276011806,63.095238095238095,False,False,1.0,1.0,1,GREEN
325,2022-05-25,M (Jun 2022),29.15,30.0,28.15,28.5,28.4859,-0.6996,71965,0,114654,N (Jul 2022),29.85,30.47,29.0,29.18,29.1357,-0.7161,41067.0,0.0,65038.0,179692.0,2488.0,29.657999999999998,26.5906,True,False,False,86006.44,0.8367396674016504,29.761904761904763,False,False,1.0,1.0,1,GREEN
326,2022-05-26,M (Jun 2022),28.5,28.65,27.75,28.21,28.0636,-0.4223,69409,0,111667,N (Jul 2022),29.21,29.3,28.65,29.1,29.0604,-0.0753,46857.0,0.0,68522.0,180189.0,497.0,29.611,26.5178,True,False,False,87329.1,0.79479806845599,26.58730158730159,False,False,0.0,1.0,1,GREEN
327,2022-05-27,M (Jun 2022),28.25,28.4,26.75,26.8,26.8678,-1.1958,69676,0,109444,N (Jul 2022),29.1,29.21,28.1,28.15,28.174,-0.8864,47351.0,59.0,73147.0,182591.0,2402.0,29.386000000000003,26.504,True,False,False,87144.22,0.799548151328912,26.984126984126984,False,False,0.0,1.0,1,GREEN
328,2022-05-31,M (Jun 2022),26.7,28.25,26.2,26.42,26.4123,-0.4555,100399,0,98252,N (Jul 2022),28.0,29.1,27.66,27.78,27.7908,-0.3832,73008.0,0.0,80645.0,178897.0,-3694.0,29.164499999999997,26.5204,False,False,False,87662.24,1.1452935722381723,69.04761904761905,False,False,0.0,1.0,0,GREEN
329,2022-06-01,M (Jun 2022),26.45,27.86,25.75,26.25,26.1937,-0.2186,90632,0,93019,N (Jul 2022),27.8,28.75,27.15,27.62,27.5714,-0.2194,65046.0,200.0,85940.0,178959.0,62.0,29.0385,26.5374,False,False,False,87988.94,1.0300385480266043,57.936507936507944,False,False,0.0,1.0,0,GREEN
330,2022-06-02,M (Jun 2022),26.3,26.55,25.1,25.6,25.6001,-0.5936,66387,0,89313,N (Jul 2022),27.65,27.78,26.65,27.05,27.0828,-0.4886,57812.0,0.0,92919.0,182232.0,3273.0,29.016,26.551399999999997,False,False,False,88128.66,0.7532963737335845,21.03174603174603,False,False,0.0,1.0,0,GREEN
331,2022-06-03,M (Jun 2022),25.5,26.7,25.43,26.03,25.9627,0.3626,73232,0,85281,N (Jul 2022),27.0,27.8,26.92,27.37,27.3039,0.2211,57246.0,0.0,97547.0,182828.0,596.0,28.770000000000003,26.57,False,False,False,88104.76,0.8311923215045363,31.349206349206348,False,False,0.0,0.0,0,GREEN
332,2022-06-06,M (Jun 2022),26.0,26.16,25.15,25.65,25.5854,-0.3773,61812,25,79175,N (Jul 2022),27.35,27.45,26.66,27.0,26.9709,-0.333,60123.0,0.0,103839.0,183014.0,186.0,28.5125,26.598000000000003,False,False,False,88054.96,0.7019706783127264,14.285714285714285,False,False,0.0,0.0,0,GREEN
333,2022-06-07,M (Jun 2022),25.6,26.45,24.64,24.85,24.6805,-0.9049,67154,35,72346,N (Jul 2022),26.95,27.67,26.25,26.36,26.3045,-0.6664,62203.0,0.0,108249.0,180595.0,-2419.0,28.052500000000002,26.622999999999998,False,False,False,87901.16,0.7639717155040957,22.61904761904762,False,False,0.0,0.0,0,GREEN
334,2022-06-08,M (Jun 2022),24.85,25.4,24.5,24.77,24.6993,0.0188,61986,0,63906,N (Jul 2022),26.35,26.9,26.15,26.23,26.256,-0.0485,67711.0,0.0,117964.0,181870.0,1275.0,27.666000000000004,26.6594,False,False,False,87639.16,0.7072865600263626,15.476190476190476,False,False,0.0,0.0,0,GREEN
335,2022-06-09,M (Jun 2022),24.75,26.51,24.39,26.27,26.4245,1.7252,69182,0,56224,N (Jul 2022),26.22,27.55,26.0,27.35,27.4994,1.2434,64495.0,0.0,124407.0,180631.0,-1239.0,27.3995,26.747799999999998,False,False,False,87498.34,0.7906664286431034,25.793650793650798,False,False,0.0,0.0,0,GREEN
336,2022-06-10,M (Jun 2022),26.35,29.35,26.15,28.15,28.2892,1.8647,96287,100,49665,N (Jul 2022),27.4,29.6,27.25,28.92,29.0858,1.5864,112818.0,0.0,130276.0,179941.0,-690.0,27.232,26.871,True,False,True,88040.32,1.0936693551318304,67.06349206349206,False,False,0.0,0.0,2,YELLOW
337,2022-06-13,M (Jun 2022),28.35,33.95,28.35,33.39,33.4687,5.1795,92345,0,36213,N (Jul 2022),29.3,33.25,29.1,32.8,32.8934,3.8076,190641.0,0.0,144280.0,180493.0,552.0,27.4515,27.076800000000002,True,True,True,88410.04,1.04450806718332,60.71428571428571,False,False,0.0,0.0,3,YELLOW
338,2022-06-14,M (Jun 2022),33.3,33.55,32.0,33.0,32.5815,-0.8872,62670,0,22758,N (Jul 2022),32.75,33.05,31.45,31.9,31.8115,-1.0819,124592.0,0.0,147622.0,170380.0,-10113.0,27.708999999999996,27.287200000000002,True,True,True,88228.78,0.710312439999737,17.46031746031746,False,False,0.0,0.0,3,YELLOW
339,2022-06-15,M (Jun 2022),32.9,33.1,32.2,32.25,31.0,-1.5815,1165,0,21901,N (Jul 2022),31.8,31.95,28.95,29.75,30.0306,-1.7809,126908.0,0.0,137391.0,159292.0,-11088.0,27.999000000000002,27.5102,True,True,True,87118.86,0.013372534948230498,3.1746031746031744,False,False,0.0,0.0,3,YELLOW
340,2022-06-16,N (Jul 2022),29.7,32.75,29.15,32.05,31.9206,1.89,119926,0,139880,Q (Aug 2022),29.6,32.1,29.19,31.49,31.4868,1.5034,62577.0,0.0,52148.0,192028.0,,28.246500000000005,27.694200000000002,True,True,True,87972.72,1.3632180521416184,84.52380952380952,False,False,0.0,0.0,3,YELLOW
341,2022-06-17,N (Jul 2022),32.0,32.25,30.55,30.9,30.902,-1.0186,86139,0,126698,Q (Aug 2022),31.45,31.7,30.4,30.67,30.6829,-0.8039,45550.0,0.0,52919.0,179617.0,-12411.0,28.334000000000003,27.8312,True,True,True,87752.48,0.981613283180145,55.55555555555556,False,False,0.0,0.0,3,YELLOW
342,2022-06-21,N (Jul 2022),30.75,32.1,29.15,30.05,30.3228,-0.5792,98104,0,124030,Q (Aug 2022),30.9,31.6,29.3,29.95,30.1912,-0.4917,51106.0,56.0,54779.0,178809.0,-808.0,28.3615,27.9702,True,True,True,88230.54,1.1119052427878149,69.04761904761905,False,False,0.0,0.0,3,YELLOW
343,2022-06-22,N (Jul 2022),30.1,31.4,28.9,29.15,29.0105,-1.3123,92960,0,119358,Q (Aug 2022),30.0,31.06,29.07,29.27,29.1196,-1.0716,55530.0,0.0,55840.0,175198.0,-3611.0,28.3765,28.0952,True,True,True,88878.76,1.045919182490845,62.698412698412696,False,False,0.0,0.0,3,YELLOW
344,2022-06-23,N (Jul 2022),29.15,29.8,28.65,29.2,29.0073,-0.0032,77289,0,118057,Q (Aug 2022),29.35,29.8,28.85,29.3,29.1839,0.0643,38919.0,0.0,58776.0,176833.0,1635.0,28.3745,28.1846,True,False,True,88937.4,0.8690269785264693,44.84126984126984,False,False,0.0,0.0,2,YELLOW
345,2022-06-24,N (Jul 2022),29.1,29.2,28.0,28.35,28.4774,-0.5299,70533,0,115796,Q (Aug 2022),29.28,29.3,28.35,28.7,28.7909,-0.393,42331.0,0.0,61211.0,177007.0,174.0,28.367,28.253599999999995,True,False,False,88776.68,0.7944991860475071,30.555555555555557,False,False,0.0,0.0,1,GREEN
346,2022-06-27,N (Jul 2022),28.29,28.81,27.35,27.4,27.4118,-1.0656,71956,0,110641,Q (Aug 2022),28.58,29.0,27.94,27.99,28.0439,-0.747,34899.0,0.0,62760.0,173401.0,-3606.0,28.3265,28.344,False,False,False,88760.74,0.810673728046882,32.142857142857146,False,False,0.0,0.0,0,GREEN
347,2022-06-28,N (Jul 2022),27.45,28.6,26.87,28.49,28.3331,0.9213,72145,0,105908,Q (Aug 2022),28.05,28.95,27.52,28.82,28.7361,0.6922,40130.0,0.0,65919.0,171827.0,-1574.0,28.411,28.441599999999998,True,True,True,88843.22,0.812048460197638,32.93650793650794,False,False,0.0,0.0,3,YELLOW
348,2022-06-29,N (Jul 2022),28.55,29.15,28.0,28.08,28.3335,0.0004,59543,0,105890,Q (Aug 2022),28.85,29.35,28.58,28.67,28.8152,0.0791,37528.0,0.0,70824.0,176714.0,4887.0,28.494,28.5502,False,True,False,89062.44,0.668553432850032,12.698412698412698,False,False,0.0,0.0,1,GREEN
349,2022-06-30,N (Jul 2022),28.1,29.95,28.0,28.83,28.5623,0.2288,90757,0,101775,Q (Aug 2022),28.7,30.05,28.6,29.31,29.1774,0.3622,57369.0,0.0,75775.0,177550.0,836.0,28.623,28.6948,True,True,True,89766.42,1.0110350841662172,59.92063492063492,False,False,0.0,0.0,3,YELLOW
350,2022-07-01,N (Jul 2022),28.8,29.65,27.55,27.8,27.689,-0.8733,83790,0,98419,Q (Aug 2022),29.33,29.9,28.4,28.56,28.5603,-0.6171,47687.0,0.0,75844.0,174263.0,-3287.0,28.732999999999997,28.8458,False,True,False,91424.46,0.916494338604789,54.36507936507936,False,False,0.0,0.0,1,GREEN
351,2022-07-05,N (Jul 2022),27.8,29.75,27.5,27.85,27.7261,0.0371,93825,50,90482,Q (Aug 2022),28.55,29.86,28.28,28.65,28.5555,-0.0048,62193.0,0.0,82581.0,173063.0,-1200.0,28.823999999999995,28.9048,False,True,False,91033.1,1.0306690643293484,65.07936507936508,False,False,0.0,0.0,1,GREEN
352,2022-07-06,N (Jul 2022),27.82,28.4,26.95,27.27,27.1987,-0.5274,62358,0,87249,Q (Aug 2022),28.67,29.0,28.03,28.21,28.1548,-0.4007,48065.0,0.0,86495.0,173744.0,681.0,28.904999999999994,28.8852,False,True,False,89099.36,0.6998703469923914,17.46031746031746,False,False,0.0,0.0,1,GREEN
353,2022-07-07,N (Jul 2022),27.2,27.55,26.4,26.9,26.85,-0.3487,62972,0,83766,Q (Aug 2022),28.2,28.4,27.45,27.96,27.8975,-0.2573,48279.0,0.0,93363.0,177129.0,3385.0,29.0075,28.8814,False,True,False,86858.32,0.7249967533334745,18.650793650793652,False,False,0.0,0.0,1,GREEN
354,2022-07-08,N (Jul 2022),26.85,27.3,25.79,26.05,26.049,-0.801,76409,0,78666,Q (Aug 2022),27.94,28.18,27.2,27.4,27.3988,-0.4987,61237.0,0.0,98541.0,177207.0,78.0,29.071499999999997,28.7804,False,True,False,85759.38,0.890969594229809,43.25396825396825,False,False,0.0,0.0,1,GREEN
355,2022-07-11,N (Jul 2022),26.0,27.27,26.0,27.1,27.186,1.137,62784,0,70998,Q (Aug 2022),27.45,28.27,27.39,28.05,28.1191,0.7203,64615.0,0.0,105014.0,176012.0,-1195.0,29.113,28.7254,False,True,False,84460.92,0.7433497054022145,18.650793650793652,False,False,0.0,0.0,1,GREEN
356,2022-07-12,N (Jul 2022),27.1,27.86,26.32,27.4,27.3879,0.2019,62823,0,63760,Q (Aug 2022),28.1,28.6,27.54,28.25,28.2453,0.1262,57720.0,0.0,111998.0,175758.0,-254.0,29.075499999999998,28.6904,False,False,False,83410.86,0.7531753059493692,19.047619047619047,False,False,0.0,0.0,0,GREEN
357,2022-07-13,N (Jul 2022),27.4,28.8,26.5,27.26,26.8636,-0.5243,81834,0,55261,Q (Aug 2022),28.25,29.29,27.66,28.15,27.8784,-0.3669,76329.0,0.0,115883.0,171144.0,-4614.0,28.769,28.6096,False,False,False,82676.96,0.9898041727707453,52.38095238095239,False,False,0.0,0.0,0,GREEN
358,2022-07-14,N (Jul 2022),27.25,28.65,26.83,26.9,26.8663,0.0027,76371,0,49324,Q (Aug 2022),28.15,29.15,27.85,28.0,27.9454,0.067,77714.0,0.0,121913.0,171237.0,93.0,28.464,28.5306,False,False,False,81651.3,0.935331096994169,42.46031746031746,False,False,0.0,0.0,0,GREEN
359,2022-07-15,N (Jul 2022),26.9,27.3,25.1,25.35,25.2066,-1.6597,62282,0,43201,Q (Aug 2022),27.95,28.3,26.5,26.6,26.5589,-1.3865,91302.0,0.0,128853.0,172054.0,817.0,28.119,28.4622,False,False,False,80746.44,0.7713281229488259,16.666666666666664,False,False,0.0,0.0,0,GREEN
360,2022-07-18,N (Jul 2022),25.2,26.13,24.77,25.6,25.7016,0.495,57566,0,36414,Q (Aug 2022),26.5,27.6,26.2,27.25,27.3971,0.8382,104359.0,0.0,138087.0,174501.0,2447.0,27.796499999999998,28.453199999999995,False,False,False,79625.9,0.7229557216935696,10.714285714285714,False,False,0.0,0.0,0,GREEN
361,2022-07-19,N (Jul 2022),25.55,25.65,24.33,24.6,24.83,-0.8716,52461,0,26977,Q (Aug 2022),27.25,27.31,26.45,26.9,27.0352,-0.3619,94543.0,0.0,153944.0,180921.0,6420.0,27.4815,28.3262,False,False,False,77790.6,0.6743873938496424,6.746031746031746,False,False,0.0,0.0,0,GREEN
362,2022-07-20,N (Jul 2022),24.7,24.85,24.0,24.5,24.37,-0.46,1373,0,26745,Q (Aug 2022),26.85,27.2,26.2,26.45,26.2684,-0.7668,91550.0,0.0,157110.0,183855.0,2934.0,27.204,28.2002,False,False,False,74967.52,0.018314598108620905,3.968253968253968,False,False,0.0,0.0,0,GREEN
363,2022-07-21,Q (Aug 2022),26.45,26.75,25.69,25.88,25.7437,-0.5247,75442,0,158001,U (Sep 2022),27.65,27.9,27.2,27.37,27.2669,-0.2665,46649.0,0.0,52869.0,210870.0,,27.0405,28.0368,False,False,False,74350.16,1.0146851062593543,41.269841269841265,False,False,0.0,0.0,0,GREEN
364,2022-07-22,Q (Aug 2022),25.95,26.4,25.4,25.58,25.5044,-0.2393,85664,0,152305,U (Sep 2022),27.37,27.7,26.95,27.16,27.1502,-0.1167,53509.0,0.0,58103.0,210408.0,-462.0,26.859499999999997,27.898400000000002,False,False,False,74309.4,1.152801664392392,55.158730158730165,False,False,0.0,0.0,0,GREEN
365,2022-07-25,Q (Aug 2022),25.6,25.95,25.0,25.4,25.2141,-0.2903,76309,0,148938,U (Sep 2022),27.22,27.42,26.82,27.12,27.0384,-0.1118,49544.0,0.0,63447.0,212385.0,1977.0,26.712,27.7744,False,False,False,73756.46,1.034607680466226,42.06349206349206,False,False,0.0,0.0,0,GREEN
366,2022-07-26,Q (Aug 2022),25.45,26.35,25.3,25.7,25.9513,0.7372,86202,0,142484,U (Sep 2022),27.11,27.85,27.07,27.18,27.4397,0.4013,52704.0,0.0,71070.0,213554.0,1169.0,26.627,27.6584,False,False,False,73678.48,1.1699752763629219,55.952380952380956,False,False,0.0,0.0,0,GREEN
367,2022-07-27,Q (Aug 2022),25.7,25.71,24.45,25.0,25.0001,-0.9512,84921,0,140474,U (Sep 2022),27.16,27.18,26.3,26.65,26.6903,-0.7494,56010.0,0.0,75498.0,215972.0,2418.0,26.452499999999997,27.578400000000002,False,False,False,74033.8,1.14705715497516,54.761904761904766,False,False,0.0,0.0,0,GREEN
368,2022-07-28,Q (Aug 2022),25.05,25.15,23.45,23.49,23.667,-1.3331,96085,0,133452,U (Sep 2022),26.5,26.77,25.35,25.4,25.5516,-1.1387,62767.0,0.0,80752.0,214204.0,-1768.0,26.223000000000003,27.4912,False,False,False,74772.4,1.2850329800835603,68.65079365079364,False,False,0.0,0.0,0,GREEN
369,2022-07-29,Q (Aug 2022),23.45,23.9,23.3,23.41,23.4158,-0.2512,82583,0,132201,U (Sep 2022),25.35,25.55,25.0,25.3,25.3817,-0.1699,62929.0,0.0,89959.0,222160.0,7956.0,25.951999999999998,27.4304,False,False,False,75358.64,1.0958663797541994,53.57142857142857,False,False,0.0,0.0,0,GREEN
370,2022-08-01,Q (Aug 2022),23.35,24.4,23.35,24.18,24.2144,0.7986,80566,0,125798,U (Sep 2022),25.35,26.17,25.25,26.02,26.0517,0.67,59608.0,0.0,99081.0,224879.0,2719.0,25.770999999999997,27.372,False,False,False,76949.22,1.0470021658439164,50.0,False,False,0.0,0.0,0,GREEN
371,2022-08-02,Q (Aug 2022),24.2,25.25,23.65,24.63,24.6115,0.3971,98042,0,115902,U (Sep 2022),26.05,26.73,25.6,26.35,26.3001,0.2484,70626.0,0.0,105682.0,221584.0,-3295.0,25.609999999999996,27.281599999999997,False,False,False,75902.34,1.2916861324696973,70.23809523809523,False,False,0.0,0.0,0,GREEN
372,2022-08-03,Q (Aug 2022),24.55,24.78,23.0,23.2,23.1634,-1.4481,75359,0,110630,U (Sep 2022),26.3,26.42,25.05,25.23,25.1488,-1.1513,65095.0,0.0,111075.0,221705.0,121.0,25.4065,27.1556,False,False,False,74895.3,1.0061913097350568,39.285714285714285,False,False,0.0,0.0,0,GREEN
373,2022-08-04,Q (Aug 2022),23.25,24.0,23.1,23.21,23.2001,0.0367,74030,0,106546,U (Sep 2022),25.25,25.68,25.12,25.28,25.2502,0.1014,61322.0,0.0,119863.0,226409.0,4704.0,25.222,27.042800000000003,False,False,False,74793.6,0.9897905703161767,34.12698412698413,False,False,0.0,0.0,0,GREEN
374,2022-08-05,Q (Aug 2022),23.2,24.0,22.35,22.6,22.4476,-0.7525,87123,0,100216,U (Sep 2022),25.3,25.81,24.75,24.9,24.7969,-0.4533,64704.0,0.0,126108.0,226324.0,-85.0,25.049500000000002,26.91,False,False,False,74656.54,1.1669841650845325,57.14285714285714,False,False,0.0,0.0,0,GREEN
375,2022-08-08,Q (Aug 2022),22.55,23.15,21.85,22.65,22.6589,0.2113,81341,0,90710,U (Sep 2022),24.83,25.27,24.2,24.86,24.8737,0.0768,75174.0,95.0,138046.0,228756.0,2432.0,24.826999999999998,26.793000000000003,False,False,False,74844.06,1.0868063544388158,50.0,False,False,0.0,0.0,0,GREEN
376,2022-08-09,Q (Aug 2022),22.6,23.3,22.55,22.85,22.989,0.3301,70643,0,83487,U (Sep 2022),24.8,25.4,24.8,24.93,25.0329,0.1592,62401.0,29.0,146825.0,230312.0,1556.0,24.5995,26.6858,False,False,False,74868.74,0.9435580190076659,27.77777777777778,False,False,0.0,0.0,0,GREEN
377,2022-08-10,Q (Aug 2022),22.9,23.1,21.2,21.45,21.3507,-1.6383,92556,0,71280,U (Sep 2022),24.91,25.15,23.5,23.66,23.5999,-1.433,92774.0,0.0,162310.0,233590.0,3278.0,24.309,26.5788,False,False,False,75326.34,1.2287335346440569,62.301587301587304,False,False,0.0,0.0,0,GREEN
378,2022-08-11,Q (Aug 2022),21.45,22.17,21.1,21.45,21.4995,0.1488,77421,0,61494,U (Sep 2022),23.65,24.25,23.4,23.76,23.8495,0.2496,91990.0,0.0,171878.0,233372.0,-218.0,24.036499999999997,26.479400000000002,False,False,False,74866.78,1.0341168673208598,44.44444444444444,False,False,0.0,0.0,0,GREEN
379,2022-08-12,Q (Aug 2022),21.4,21.65,20.55,21.15,21.1867,-0.3128,64684,0,51287,U (Sep 2022),23.8,24.0,23.05,23.55,23.6234,-0.2261,79954.0,171.0,182761.0,234048.0,676.0,23.826500000000003,26.377399999999998,False,False,False,74347.82,0.8700187846799005,19.047619047619047,False,False,0.0,0.0,0,GREEN
380,2022-08-15,Q (Aug 2022),21.35,21.63,20.35,20.5,20.426,-0.7607,60573,0,40511,U (Sep 2022),23.55,23.95,23.05,23.32,23.2003,-0.4231,83163.0,108.0,191713.0,232224.0,-1824.0,23.5715,26.2754,False,False,False,74231.54,0.8160008535455415,12.698412698412698,False,False,0.0,0.0,0,GREEN
381,2022-08-16,Q (Aug 2022),20.55,20.8,19.95,20.0,20.0006,-0.4254,58139,0,25786,U (Sep 2022),23.35,23.67,23.1,23.4,23.4392,0.2389,106178.0,0.0,203244.0,229030.0,-3194.0,23.341500000000003,26.1548,False,False,False,73929.68,0.7864094636957715,10.317460317460316,False,False,0.0,0.0,0,GREEN
382,2022-08-17,Q (Aug 2022),20.0,20.75,19.8,20.5,20.11,0.1094,1261,0,25194,U (Sep 2022),23.45,23.95,23.05,23.35,23.2813,-0.1579,89819.0,0.0,203178.0,228372.0,-658.0,23.1415,26.0518,False,False,False,72718.66,0.017340803584664513,3.968253968253968,False,False,0.0,0.0,0,GREEN
383,2022-08-18,U (Sep 2022),23.33,23.65,22.9,23.0,22.9999,-0.2814,59282,0,201084,V (Oct 2022),25.17,25.4,24.8,25.0,24.9003,-0.217,38361.0,0.0,52806.0,253890.0,,22.997500000000002,26.0148,False,False,True,72561.22,0.8169928785651619,11.507936507936508,False,False,0.0,0.0,1,GREEN
384,2022-08-19,U (Sep 2022),23.05,24.6,23.0,24.2,24.1028,1.1029,89674,0,197152,V (Oct 2022),24.97,26.27,24.97,25.97,25.8998,0.9995,50216.0,0.0,55734.0,252886.0,-1004.0,22.9285,26.003400000000003,False,False,True,73114.98,1.2264791702056133,59.92063492063492,False,False,0.0,0.0,1,GREEN
385,2022-08-22,U (Sep 2022),24.25,25.91,24.25,25.66,25.8208,1.718,102658,180,188994,V (Oct 2022),26.0,27.15,26.0,26.82,27.0156,1.1158,52352.0,0.0,61246.0,250240.0,-2646.0,22.941499999999998,25.991200000000003,False,True,True,73784.5,1.391322025628689,74.20634920634922,False,False,0.0,0.0,2,YELLOW
386,2022-08-23,U (Sep 2022),25.65,26.1,24.88,25.42,25.3302,-0.4906,81763,0,179042,V (Oct 2022),26.75,27.16,26.3,26.67,26.6492,-0.3664,50407.0,0.0,63347.0,242389.0,-7851.0,22.927500000000002,25.9366,False,False,True,73494.02,1.112512283312302,51.19047619047619,False,False,0.0,0.0,1,GREEN
387,2022-08-24,U (Sep 2022),25.4,25.7,24.2,24.3,24.3501,-0.9801,74425,0,173748,V (Oct 2022),26.66,26.91,25.85,25.93,25.9673,-0.6819,42859.0,0.0,67040.0,240788.0,-1601.0,22.892500000000002,25.754799999999996,False,False,True,73135.62,1.0176299865920329,37.698412698412696,False,False,0.0,0.0,1,GREEN
388,2022-08-25,U (Sep 2022),24.2,24.45,23.45,23.62,23.5977,-0.7524,77604,0,167887,V (Oct 2022),25.92,26.02,25.3,25.4,25.3689,-0.5984,44388.0,0.0,72542.0,240429.0,-359.0,22.899,25.5672,False,True,True,73434.3,1.0567813678349218,46.03174603174603,False,False,0.0,0.0,2,YELLOW
389,2022-08-26,U (Sep 2022),23.7,26.31,23.45,26.2,26.1802,2.5825,116212,0,157130,V (Oct 2022),25.44,27.35,25.27,27.2,27.1727,1.8038,66983.0,0.0,77284.0,234414.0,-6015.0,23.0385,25.446199999999997,True,True,True,75735.24,1.5344508051997985,84.92063492063492,False,False,0.0,0.0,3,YELLOW
390,2022-08-29,U (Sep 2022),26.45,27.15,25.7,26.27,26.0278,-0.1524,108774,108,145318,V (Oct 2022),27.35,28.0,26.77,27.16,27.0047,-0.168,57402.0,0.0,79209.0,224527.0,-9887.0,23.142999999999997,25.3306,True,True,True,75512.2,1.4404824650851122,79.36507936507937,False,False,0.0,0.0,3,YELLOW
391,2022-08-30,U (Sep 2022),26.15,27.0,25.35,26.26,26.4608,0.433,107595,110,138284,V (Oct 2022),27.1,27.7,26.45,27.26,27.4382,0.4335,57561.0,0.0,82837.0,221121.0,-3406.0,23.2245,25.237800000000004,True,True,True,75941.32,1.4168176165491986,78.17460317460318,False,False,0.0,0.0,3,YELLOW
392,2022-08-31,U (Sep 2022),26.3,26.48,25.41,25.83,25.7939,-0.6669,91087,0,128231,V (Oct 2022),27.25,27.45,26.55,26.97,26.9681,-0.4701,51215.0,0.0,85095.0,213326.0,-7795.0,23.356,25.153399999999998,True,True,True,75800.98,1.20165992576877,60.317460317460316,False,False,0.0,0.0,3,YELLOW
393,2022-09-01,U (Sep 2022),25.9,27.2,25.5,25.71,25.6212,-0.1727,101736,0,117158,V (Oct 2022),27.0,27.95,26.7,26.79,26.7581,-0.21,57628.0,0.0,86436.0,203594.0,-9732.0,23.481,25.084600000000002,True,True,True,75976.5,1.3390456259501293,72.61904761904762,False,False,0.0,0.0,3,YELLOW
394,2022-09-02,U (Sep 2022),25.7,26.45,24.25,25.65,25.9363,0.3151,123594,90,109276,V (Oct 2022),26.76,27.28,25.65,26.7,26.8979,0.1398,62861.0,0.0,90837.0,200113.0,-3481.0,23.633499999999998,25.0136,True,True,True,76902.6,1.6071498232829577,87.3015873015873,False,False,0.0,0.0,3,YELLOW
395,2022-09-06,U (Sep 2022),25.65,27.0,24.9,26.75,26.7579,0.8216,108747,0,104100,V (Oct 2022),26.76,27.57,26.15,27.41,27.429,0.5311,69801.0,0.0,98682.0,202782.0,2669.0,23.8385,24.981600000000004,True,True,True,77666.88,1.4001721196988985,78.96825396825396,False,False,0.0,0.0,3,YELLOW
396,2022-09-07,U (Sep 2022),26.7,27.2,24.8,25.0,24.8966,-1.8613,84795,0,96849,V (Oct 2022),27.35,27.71,26.0,26.17,26.0503,-1.3787,57651.0,0.0,103567.0,200416.0,-2366.0,23.945999999999998,24.933600000000002,True,True,True,77923.66,1.0881804063104838,52.77777777777778,False,False,0.0,0.0,3,YELLOW
397,2022-09-08,U (Sep 2022),24.95,25.71,24.2,24.2,24.3161,-0.5805,71797,0,93352,V (Oct 2022),26.25,26.6,25.6,25.67,25.7286,-0.3217,56100.0,0.0,109968.0,203320.0,2904.0,24.0835,24.847799999999996,False,True,True,77916.7,0.9214584293225971,29.365079365079367,False,False,0.0,0.0,2,YELLOW
398,2022-09-09,U (Sep 2022),24.25,24.33,23.55,23.85,23.9496,-0.3665,57781,40,90979,V (Oct 2022),25.69,25.72,25.12,25.52,25.5941,-0.1345,52713.0,0.0,120173.0,211152.0,7832.0,24.2035,24.7632,False,True,False,77881.46,0.7419095635854798,10.317460317460316,False,False,0.0,0.0,1,GREEN
399,2022-09-12,U (Sep 2022),23.75,24.31,23.1,23.83,23.9193,-0.0303,72775,0,85671,V (Oct 2022),25.45,25.72,24.95,25.25,25.3904,-0.2037,63969.0,0.0,128880.0,214551.0,3399.0,24.3375,24.663199999999996,False,True,False,77521.82,0.9387679494624868,31.746031746031743,False,False,0.0,0.0,1,GREEN
400,2022-09-13,U (Sep 2022),23.8,27.2,23.41,26.75,26.745,2.8257,139092,0,76347,V (Oct 2022),25.3,27.85,25.05,27.5,27.5215,2.1311,115926.0,0.0,135494.0,211841.0,-2710.0,24.65,24.6422,True,True,True,78627.86,1.7689912964692158,92.06349206349206,False,True,1.0,1.0,4,ORANGE
401,2022-09-14,U (Sep 2022),26.7,27.11,26.0,26.03,26.4161,-0.3289,95568,65,59217,V (Oct 2022),27.4,27.93,27.1,27.26,27.4742,-0.0473,97858.0,0.0,147254.0,206471.0,-5370.0,24.9515,24.6058,True,True,True,78662.72,1.2149084089642463,66.26984126984127,False,False,1.0,1.0,3,YELLOW
402,2022-09-15,U (Sep 2022),26.1,26.7,25.4,26.58,26.3637,-0.0524,74255,0,48220,V (Oct 2022),27.25,27.6,26.75,27.47,27.3471,-0.1271,81223.0,0.0,151594.0,199814.0,-6657.0,25.255499999999998,24.592000000000002,True,True,True,78900.66,0.9411201376515734,34.523809523809526,False,False,1.0,1.0,3,YELLOW
403,2022-09-16,U (Sep 2022),26.65,28.3,26.15,26.15,26.2206,-0.1431,83623,0,39792,V (Oct 2022),27.55,28.66,27.05,27.1,27.2494,-0.0977,88959.0,0.0,154353.0,194145.0,-5669.0,25.413,24.576999999999998,True,True,True,79313.68,1.05433261954306,51.19047619047619,False,False,1.0,1.0,3,YELLOW
404,2022-09-19,U (Sep 2022),26.25,27.3,25.5,25.65,25.7761,-0.4445,57709,610,27239,V (Oct 2022),27.2,28.0,26.27,26.41,26.5139,-0.7355,100156.0,0.0,163980.0,191219.0,-2926.0,25.4855,24.569000000000003,True,True,True,78939.68,0.7310518613706061,9.523809523809524,False,False,1.0,1.0,3,YELLOW
405,2022-09-20,U (Sep 2022),25.7,27.66,25.48,26.9,26.9999,1.2238,54553,0,18221,V (Oct 2022),26.5,27.7,26.2,27.31,27.3749,0.861,104043.0,0.0,166720.0,184941.0,-6278.0,25.5475,24.565,True,True,True,78775.06,0.6925161339134492,7.142857142857142,False,False,0.0,1.0,3,YELLOW
406,2022-09-21,U (Sep 2022),27.1,27.7,26.8,26.9,26.65,-0.3499,1358,0,17457,V (Oct 2022),27.36,28.5,26.38,28.45,28.1968,0.8219,125648.0,0.0,163266.0,180723.0,-4218.0,25.621499999999997,24.555,True,True,True,77545.76,0.017512240514503955,4.365079365079365,False,False,0.0,1.0,3,YELLOW
407,2022-09-22,V (Oct 2022),28.4,28.75,27.5,27.9,28.0956,-0.1012,107181,0,154071,X (Nov 2022),28.22,28.5,27.45,27.77,27.8839,-0.2149,61298.0,0.0,57936.0,212007.0,,25.801499999999997,24.567800000000002,True,True,True,78052.7,1.3731876027350751,76.5873015873016,False,False,0.0,1.0,3,YELLOW
408,2022-09-23,V (Oct 2022),27.8,31.21,27.8,30.15,29.8592,1.7636,167657,0,152606,X (Nov 2022),27.77,30.05,27.72,29.22,29.1893,1.3054,81383.0,0.0,61592.0,214198.0,2191.0,26.127999999999997,24.632799999999996,True,True,True,79878.42,2.09890230678073,96.42857142857143,True,True,1.0,2.0,5,ORANGE
409,2022-09-26,V (Oct 2022),30.1,31.2,29.25,30.95,30.9247,1.0655,139798,1023,143364,X (Nov 2022),29.4,30.3,28.85,30.17,30.0988,0.9095,78152.0,1123.0,65850.0,209214.0,-4984.0,26.365499999999997,24.7448,True,True,True,81428.74,1.7168139897534949,91.66666666666666,False,True,2.0,3.0,6,RED
410,2022-09-27,V (Oct 2022),30.85,32.2,29.75,31.05,31.383,0.4583,110780,0,139251,X (Nov 2022),30.3,31.13,29.3,30.34,30.5638,0.465,69034.0,0.0,70831.0,210082.0,868.0,26.6045,24.8538,True,True,True,82493.02,1.3429014963932706,79.76190476190477,False,False,2.0,2.0,4,ORANGE
411,2022-09-28,V (Oct 2022),31.05,32.71,29.5,29.95,29.8919,-1.4911,114739,0,129946,X (Nov 2022),30.35,31.68,29.35,29.6,29.6506,-0.9132,70438.0,2095.0,73177.0,203123.0,-6959.0,26.788999999999998,24.9608,True,True,True,83738.58,1.3702047491132523,82.53968253968253,False,False,2.0,2.0,4,ORANGE
412,2022-09-29,V (Oct 2022),29.85,32.3,29.69,30.96,30.9432,1.0513,119292,0,124630,X (Nov 2022),29.55,31.45,29.44,30.39,30.3747,0.7241,81677.0,33.0,77651.0,202281.0,-842.0,27.045499999999997,25.09,True,True,True,86096.96,1.385554147324133,85.31746031746032,False,False,2.0,2.0,4,ORANGE
413,2022-09-30,V (Oct 2022),30.95,31.6,29.83,31.32,31.516,0.5728,104879,0,119361,X (Nov 2022),30.35,31.11,29.65,30.83,31.0717,0.697,76519.0,0.0,83574.0,202935.0,654.0,27.326,25.198800000000002,True,True,True,86685.7,1.2098766001774226,73.01587301587301,False,False,1.0,2.0,3,YELLOW
414,2022-10-03,V (Oct 2022),31.65,32.2,29.35,29.89,29.9893,-1.5267,90018,0,113748,X (Nov 2022),31.1,31.51,29.33,29.69,29.8482,-1.2235,61199.0,0.0,86398.0,200146.0,-2789.0,27.538,25.285,True,True,True,86772.78,1.0373990553258752,55.952380952380956,False,False,0.0,2.0,3,YELLOW
415,2022-10-04,V (Oct 2022),29.9,30.2,28.5,28.85,28.7999,-1.1894,90063,0,105117,X (Nov 2022),29.63,29.89,28.5,28.84,28.8294,-1.0188,77401.0,0.0,88236.0,193353.0,-6793.0,27.643,25.354,True,True,True,87047.86,1.0346377268780644,56.34920634920635,False,False,0.0,2.0,3,YELLOW
416,2022-10-05,V (Oct 2022),28.8,30.05,28.6,28.81,28.9643,0.1644,84072,288,98733,X (Nov 2022),28.85,29.85,28.8,28.95,29.0451,0.2157,60004.0,418.0,91168.0,189901.0,-3452.0,27.833499999999997,25.4162,True,True,True,87005.26,0.966286406132227,50.0,False,False,0.0,2.0,3,YELLOW
417,2022-10-06,V (Oct 2022),28.89,30.06,28.15,30.0,29.9193,0.955,77006,0,92130,X (Nov 2022),29.0,30.0,28.45,29.88,29.8446,0.7995,58379.0,0.0,96911.0,189041.0,-860.0,28.1235,25.516199999999998,True,True,True,86846.96,0.8866861891308573,40.476190476190474,False,False,0.0,2.0,3,YELLOW
418,2022-10-07,V (Oct 2022),30.0,31.7,29.55,31.6,31.1984,1.2791,84022,0,88293,X (Nov 2022),29.95,31.32,29.6,31.3,31.0177,1.1731,74145.0,192.0,106885.0,195178.0,6137.0,28.511000000000003,25.6784,True,True,True,86605.7,0.9701670906187468,49.60317460317461,False,False,0.0,1.0,3,YELLOW
419,2022-10-10,V (Oct 2022),31.6,33.11,31.3,32.0,32.1078,0.9094,85526,0,83369,X (Nov 2022),31.35,32.32,31.07,31.64,31.7382,0.7205,68796.0,0.0,114029.0,197398.0,2220.0,28.9195,25.8502,True,True,True,86664.56,0.9868624498872435,51.19047619047619,False,False,0.0,0.0,3,YELLOW
420,2022-10-11,V (Oct 2022),32.0,33.24,31.5,32.5,32.754,0.6462,75924,0,74941,X (Nov 2022),31.65,32.55,31.17,31.97,32.1758,0.4376,64046.0,0.0,121644.0,196585.0,-813.0,29.207,26.016600000000004,True,True,True,86571.72,0.8770069486894796,36.11111111111111,False,False,0.0,0.0,3,YELLOW
421,2022-10-12,V (Oct 2022),32.45,32.76,31.8,32.2,32.1735,-0.5805,69121,0,65142,X (Nov 2022),32.01,32.2,31.45,31.85,31.7784,-0.3974,70882.0,225.0,128486.0,193628.0,-2957.0,29.515499999999996,26.168000000000003,True,True,True,85993.3,0.8037951793918828,21.03174603174603,False,False,0.0,0.0,3,YELLOW
422,2022-10-13,V (Oct 2022),32.1,33.27,30.75,30.85,31.0521,-1.1214,117985,2375,60746,X (Nov 2022),31.8,32.65,30.7,30.86,30.9996,-0.7788,106583.0,0.0,132763.0,193509.0,-119.0,29.728999999999996,26.320999999999998,True,True,True,86845.82,1.358557038208632,84.52380952380952,False,False,0.0,0.0,3,YELLOW
423,2022-10-14,V (Oct 2022),30.8,32.7,30.15,31.9,31.9297,0.8776,81655,95,49540,X (Nov 2022),30.85,32.25,30.2,31.62,31.5866,0.587,105174.0,108.0,137629.0,187169.0,-6340.0,30.016499999999997,26.494799999999994,True,True,True,86998.32,0.9385813427201812,46.42857142857143,False,False,0.0,0.0,3,YELLOW
424,2022-10-17,V (Oct 2022),32.0,32.05,30.25,31.15,31.1798,-0.7499,62794,0,33021,X (Nov 2022),31.65,31.65,30.15,30.75,30.879,-0.7076,99483.0,33.0,145799.0,178820.0,-8349.0,30.291500000000003,26.6658,True,True,True,86511.74,0.7258436831810341,16.666666666666664,False,False,0.0,0.0,3,YELLOW
425,2022-10-18,V (Oct 2022),31.05,31.65,30.5,30.63,30.8564,-0.3234,56785,0,20923,X (Nov 2022),30.75,31.0,29.9,29.94,30.1507,-0.7283,98398.0,250.0,150508.0,171431.0,-7389.0,30.478,26.8254,True,True,True,86020.62,0.6601324194129269,8.333333333333332,False,False,0.0,0.0,3,YELLOW
426,2022-10-19,V (Oct 2022),30.7,31.6,30.5,31.4,31.77,0.9136,1216,0,19354,X (Nov 2022),29.95,30.95,29.65,30.39,30.3978,0.2471,78488.0,192.0,141414.0,160768.0,-10663.0,30.703000000000003,26.996399999999998,True,True,True,84632.08,0.014368074139262558,3.1746031746031744,False,False,0.0,0.0,3,YELLOW
427,2022-10-20,X (Nov 2022),30.45,30.89,29.4,30.05,29.9629,-0.4349,98745,24,137350,Z (Dec 2022),29.95,30.27,29.2,29.6,29.739,-0.1623,56667.0,0.0,85780.0,223130.0,,30.810499999999998,27.1684,True,True,False,84755.86,1.1650521863620993,68.65079365079364,False,False,0.0,0.0,2,YELLOW
428,2022-10-21,X (Nov 2022),30.05,30.36,29.25,29.7,29.9854,0.0225,92053,0,135692,Z (Dec 2022),29.7,30.02,29.17,29.5,29.6699,-0.0691,53100.0,0.0,88767.0,224459.0,1329.0,30.788,27.333399999999997,True,False,False,85048.5,1.082358889339612,59.12698412698413,False,False,0.0,0.0,1,GREEN
429,2022-10-24,X (Nov 2022),29.65,30.35,29.25,29.54,29.3523,-0.6331,72300,0,132261,Z (Dec 2022),29.5,30.05,29.2,29.42,29.333,-0.3369,43830.0,0.0,90959.0,223220.0,-1239.0,30.7175,27.501199999999997,True,False,False,85200.82,0.8485833821787161,28.174603174603174,False,False,0.0,0.0,1,GREEN
430,2022-10-25,X (Nov 2022),29.55,29.7,28.1,28.4,28.1854,-1.1669,78398,200,132020,Z (Dec 2022),29.4,29.6,28.3,28.55,28.3979,-0.9351,51349.0,220.0,92769.0,224789.0,1569.0,30.584999999999997,27.659200000000002,True,False,False,85557.32,0.916321362099701,43.65079365079365,False,False,0.0,0.0,1,GREEN
431,2022-10-26,X (Nov 2022),28.45,28.9,27.35,27.37,27.4876,-0.6978,84341,210,128985,Z (Dec 2022),28.6,28.95,27.73,27.79,27.8973,-0.5006,53577.0,0.0,93021.0,222006.0,-2783.0,30.456,27.8066,False,False,False,86081.36,0.9797823826203489,50.39682539682539,False,False,0.0,0.0,0,GREEN
432,2022-10-27,X (Nov 2022),27.45,27.91,26.75,27.4,26.9184,-0.5692,76505,173,125309,Z (Dec 2022),27.85,28.12,27.3,27.7,27.4362,-0.4611,44373.0,0.0,95663.0,220972.0,-1034.0,30.278000000000002,27.9446,False,False,False,87586.24,0.8734819533296554,39.682539682539684,False,False,0.0,0.0,0,GREEN
433,2022-10-28,X (Nov 2022),27.4,27.65,26.0,26.15,26.2602,-0.6582,74887,97,122168,Z (Dec 2022),27.75,27.9,26.65,26.8,26.9064,-0.5298,57173.0,242.0,99610.0,221778.0,806.0,30.0195,28.007600000000004,False,False,False,87898.34,0.8519728586455672,35.714285714285715,False,False,0.0,0.0,0,GREEN
434,2022-10-31,X (Nov 2022),26.15,26.75,25.75,26.01,25.8753,-0.3849,72496,40,119483,Z (Dec 2022),26.75,27.25,26.35,26.47,26.3996,-0.5068,57191.0,110.0,103117.0,222600.0,822.0,29.825499999999998,28.0438,False,False,False,87554.78,0.8280073343796878,28.174603174603174,False,False,0.0,0.0,0,GREEN
435,2022-11-01,X (Nov 2022),25.92,26.15,25.51,25.8,25.634,-0.2413,68531,0,116695,Z (Dec 2022),26.42,26.45,26.0,26.12,26.0041,-0.3955,53963.0,360.0,112219.0,228914.0,6314.0,29.672999999999995,28.046599999999998,False,False,False,86872.24,0.7888711054302271,21.428571428571427,False,False,0.0,0.0,0,GREEN
436,2022-11-02,X (Nov 2022),25.8,26.7,25.43,26.3,26.4475,0.8135,99291,0,111900,Z (Dec 2022),26.0,26.75,25.76,26.6,26.6968,0.6927,75009.0,165.0,120573.0,232473.0,3559.0,29.547500000000003,28.0642,False,False,False,87222.8,1.1383606121335246,69.04761904761905,False,False,0.0,0.0,0,GREEN
437,2022-11-03,X (Nov 2022),26.45,27.28,25.55,25.8,25.6701,-0.7774,80009,48,106709,Z (Dec 2022),26.65,27.18,25.94,26.1,26.0972,-0.5996,56161.0,132.0,123047.0,229756.0,-2717.0,29.3375,28.0942,False,False,False,87334.48,0.9161215593199845,45.23809523809524,False,False,0.0,0.0,0,GREEN
438,2022-11-04,X (Nov 2022),25.75,26.3,24.65,25.5,25.5286,-0.1415,97958,100,100282,Z (Dec 2022),26.15,26.43,25.1,25.79,25.8355,-0.2617,73493.0,0.0,129091.0,229373.0,-383.0,29.0325,28.1318,False,False,False,87741.56,1.1164378659326322,66.66666666666666,False,False,0.0,0.0,0,GREEN
439,2022-11-07,X (Nov 2022),26.0,26.0,24.9,25.25,25.1559,-0.3727,59361,72,90856,Z (Dec 2022),25.75,26.1,25.25,25.53,25.5002,-0.3353,54585.0,0.0,132047.0,222903.0,-6470.0,28.695,28.112799999999996,False,False,False,86604.54,0.6854259603480373,11.11111111111111,False,False,0.0,0.0,0,GREEN
440,2022-11-08,X (Nov 2022),25.15,26.41,24.9,26.1,26.1017,0.9458,72200,90,78582,Z (Dec 2022),25.45,26.43,25.2,26.24,26.1902,0.69,74776.0,184.0,143502.0,222084.0,-819.0,28.375,28.1094,False,False,False,85873.06,0.8407759080670935,27.77777777777778,False,False,0.0,0.0,0,GREEN
441,2022-11-09,X (Nov 2022),26.15,27.15,26.0,26.95,26.857,0.7553,76511,0,68924,Z (Dec 2022),26.3,27.2,26.1,27.0,27.0025,0.8123,77912.0,163.0,150931.0,219855.0,-2229.0,28.112499999999994,28.123199999999997,False,False,False,85251.38,0.897475208025958,40.87301587301587,False,False,0.0,0.0,0,GREEN
442,2022-11-10,X (Nov 2022),26.85,26.95,24.23,24.76,24.6297,-2.2273,87372,0,64807,Z (Dec 2022),27.0,27.05,25.05,25.78,25.6828,-1.3197,111429.0,0.0,157425.0,222232.0,2377.0,27.808000000000003,28.101800000000004,False,False,False,85177.08,1.025768904029112,55.158730158730165,False,False,0.0,0.0,0,GREEN
443,2022-11-11,X (Nov 2022),24.75,25.21,23.83,24.05,23.95,-0.6797,63880,0,55197,Z (Dec 2022),25.75,26.1,25.4,25.55,25.4502,-0.2326,89147.0,0.0,154601.0,209798.0,-12434.0,27.415499999999998,28.0686,False,False,False,84419.96,0.7566930853793344,18.253968253968253,False,False,0.0,0.0,0,GREEN
444,2022-11-14,X (Nov 2022),24.05,24.4,23.27,24.08,24.237,0.287,69800,0,37886,Z (Dec 2022),25.6,25.8,24.75,25.2,25.3841,-0.0661,107430.0,0.0,158718.0,196604.0,-13194.0,27.062,28.0372,False,False,False,83344.08,0.8374919970320627,24.6031746031746,False,False,0.0,0.0,0,GREEN
445,2022-11-15,X (Nov 2022),24.05,26.05,23.38,25.05,24.584,0.347,68998,0,24319,Z (Dec 2022),25.2,26.45,24.6,25.75,25.75,0.3659,107953.0,0.0,165085.0,189404.0,-7200.0,26.783000000000005,28.003199999999996,False,False,False,82549.1,0.8358419413415773,22.22222222222222,False,False,0.0,0.0,0,GREEN
446,2022-11-16,X (Nov 2022),24.7,25.6,23.85,24.4,24.93,0.346,1113,0,23412,Z (Dec 2022),25.8,26.0,25.0,25.12,25.0542,-0.6958,80807.0,253.0,160722.0,184134.0,-5270.0,26.433,27.9912,False,False,False,80875.46,0.013761900086874312,2.380952380952381,False,False,0.0,0.0,0,GREEN
447,2022-11-17,Z (Dec 2022),25.15,25.75,24.7,24.78,24.7666,-0.2876,62881,0,160323,F (Jan 2023),26.9,27.5,26.63,26.77,26.6705,-0.1804,51614.0,200.0,71720.0,232043.0,,26.1695,28.0028,False,False,False,80697.14,0.7792221632637786,18.253968253968253,False,False,0.0,0.0,0,GREEN
448,2022-11-18,Z (Dec 2022),24.75,25.1,24.45,24.5,24.515,-0.2516,52547,0,158505,F (Jan 2023),26.75,26.95,26.45,26.49,26.5116,-0.1589,33580.0,0.0,76730.0,235235.0,3192.0,25.909499999999998,28.0158,False,False,False,80592.46,0.6520088851984416,6.349206349206349,False,False,0.0,0.0,0,GREEN
449,2022-11-21,Z (Dec 2022),24.45,24.8,23.75,23.84,23.8139,-0.7011,52781,0,157036,F (Jan 2023),26.49,26.7,25.9,25.97,25.9522,-0.5594,34421.0,220.0,79507.0,236543.0,1308.0,25.6245,28.016,False,False,False,80192.58,0.6581781007669288,7.142857142857142,False,False,0.0,0.0,0,GREEN
450,2022-11-22,Z (Dec 2022),23.83,23.95,22.9,22.95,22.9505,-0.8634,52038,0,157354,F (Jan 2023),25.95,26.01,25.2,25.27,25.2737,-0.6785,36031.0,220.0,79375.0,236729.0,186.0,25.351999999999997,27.94,False,False,False,78451.5,0.6633142769736716,5.952380952380952,False,False,0.0,0.0,0,GREEN
451,2022-11-23,Z (Dec 2022),22.95,23.15,22.35,22.5,22.4026,-0.5479,60902,0,152914,F (Jan 2023),25.3,25.42,24.8,24.85,24.8493,-0.4244,39022.0,156.0,82272.0,235186.0,-1543.0,25.1085,27.8694,False,False,False,77758.18,0.7832230641200708,14.682539682539684,False,False,0.0,0.0,0,GREEN
452,2022-11-25,Z (Dec 2022),22.5,22.8,22.35,22.6,22.4869,0.0843,36564,0,152995,F (Jan 2023),24.85,25.2,24.77,25.1,25.1004,0.2511,29082.0,0.0,87487.0,240482.0,5296.0,24.8685,27.7898,False,False,False,77004.36,0.47483025636470455,5.158730158730158,False,False,0.0,0.0,0,GREEN
453,2022-11-28,Z (Dec 2022),22.6,23.65,22.55,23.45,23.4033,0.9164,63052,180,148103,F (Jan 2023),25.1,26.0,25.1,25.88,25.8527,0.7523,46450.0,175.0,89805.0,237908.0,-2574.0,24.7335,27.735799999999998,False,False,False,76592.94,0.8232090320596128,20.634920634920633,False,False,0.0,0.0,0,GREEN
454,2022-11-29,Z (Dec 2022),23.48,23.6,22.95,23.13,23.0397,-0.3636,60545,0,147314,F (Jan 2023),25.9,25.98,25.4,25.52,25.4652,-0.3875,40441.0,0.0,94148.0,241462.0,3554.0,24.589499999999997,27.6854,False,False,False,76649.66,0.7898926100911602,14.285714285714285,False,False,0.0,0.0,0,GREEN
455,2022-11-30,Z (Dec 2022),23.1,23.55,21.9,21.9,22.122,-0.9177,84334,150,142859,F (Jan 2023),25.55,25.82,24.5,24.5,24.6671,-0.7981,59259.0,0.0,99330.0,242189.0,727.0,24.3945,27.5854,False,False,False,77245.28,1.0917689728097302,53.57142857142857,False,False,0.0,0.0,0,GREEN
456,2022-12-01,Z (Dec 2022),22.05,22.61,21.55,21.73,21.5747,-0.5473,76982,0,139674,F (Jan 2023),24.45,25.0,24.3,24.47,24.3418,-0.3253,52346.0,336.0,104531.0,244205.0,2016.0,24.166,27.482,False,False,False,78757.76,0.9774528884518808,45.23809523809524,False,False,0.0,0.0,0,GREEN
457,2022-12-02,Z (Dec 2022),21.65,22.45,21.05,21.25,21.2041,-0.3706,82920,277,133219,F (Jan 2023),24.45,25.05,23.8,24.05,23.878,-0.4638,60821.0,234.0,110466.0,243685.0,-520.0,23.938499999999998,27.348999999999997,False,False,False,78272.54,1.0593753569259412,52.38095238095239,False,False,0.0,0.0,0,GREEN
458,2022-12-05,Z (Dec 2022),21.3,22.2,21.1,21.66,21.6851,0.481,84302,0,126551,F (Jan 2023),24.0,24.65,23.85,24.32,24.2994,0.4214,59190.0,0.0,117279.0,243830.0,145.0,23.7465,27.1792,False,False,False,76605.44,1.1004701493784252,54.36507936507936,False,False,0.0,0.0,0,GREEN
459,2022-12-06,Z (Dec 2022),21.67,22.73,21.25,22.47,22.4502,0.7651,71458,0,119527,F (Jan 2023),24.27,25.0,23.95,24.8,24.7988,0.4994,54168.0,0.0,121160.0,240687.0,-3143.0,23.607499999999998,27.0096,False,False,False,75238.64,0.949751351167432,29.365079365079367,False,False,0.0,0.0,0,GREEN
460,2022-12-07,Z (Dec 2022),22.48,23.2,22.3,22.85,22.8621,0.4119,68728,0,114468,F (Jan 2023),24.82,25.4,24.7,25.11,25.1489,0.3501,60577.0,0.0,126148.0,240616.0,-71.0,23.445,26.8456,False,False,False,74397.6,0.9237932406421712,25.396825396825395,False,False,0.0,0.0,0,GREEN
461,2022-12-08,Z (Dec 2022),22.9,23.16,22.23,22.45,22.3978,-0.4643,53036,0,108690,F (Jan 2023),25.2,25.37,24.45,24.67,24.6494,-0.4995,44761.0,0.0,133060.0,241750.0,1134.0,23.22,26.6956,False,False,False,73163.54,0.7248965810019582,8.333333333333332,False,False,0.0,0.0,0,GREEN
462,2022-12-09,Z (Dec 2022),22.46,23.25,22.15,23.25,23.1016,0.7038,65191,0,102371,F (Jan 2023),24.71,25.2,24.35,25.2,25.0979,0.4485,55321.0,0.0,140393.0,242764.0,1014.0,23.1445,26.5414,False,False,True,72081.52,0.904406566343218,23.41269841269841,False,False,0.0,0.0,1,GREEN
463,2022-12-12,Z (Dec 2022),23.2,23.4,22.8,23.19,23.1023,0.0007,71714,0,93716,F (Jan 2023),25.05,25.2,24.6,24.9,24.9368,-0.1611,71320.0,0.0,144210.0,237926.0,-4838.0,23.101499999999998,26.378800000000002,False,False,True,71418.22,1.0041415201891057,30.952380952380953,False,False,0.0,0.0,1,GREEN
464,2022-12-13,Z (Dec 2022),23.17,23.46,21.2,21.75,21.6885,-1.4138,89771,0,90360,F (Jan 2023),24.91,25.15,23.45,24.05,23.9474,-0.9894,86350.0,0.0,153500.0,243860.0,5934.0,22.985,26.215999999999998,False,False,False,71413.28,1.2570631120710323,62.301587301587304,False,False,0.0,0.0,0,GREEN
465,2022-12-14,Z (Dec 2022),21.8,22.05,20.45,20.6,20.6262,-1.0623,92572,0,79444,F (Jan 2023),24.05,24.25,23.0,23.08,23.2012,-0.7462,96748.0,0.0,164602.0,244046.0,186.0,22.7625,26.051,False,False,False,71463.46,1.295375286894869,66.26984126984127,False,False,0.0,0.0,0,GREEN
466,2022-12-15,Z (Dec 2022),20.57,23.15,20.5,22.4,22.3075,1.6813,96481,1100,65568,F (Jan 2023),23.12,25.1,23.05,24.7,24.62,1.4188,109580.0,300.0,165030.0,230598.0,-13448.0,22.6625,25.922800000000002,False,False,False,71711.64,1.3454022247992097,71.03174603174604,False,False,0.0,0.0,0,GREEN
467,2022-12-16,Z (Dec 2022),22.45,23.25,21.93,22.56,22.4507,0.1432,77969,0,47238,F (Jan 2023),24.7,25.45,24.4,24.62,24.681,0.061,104133.0,0.0,168203.0,215441.0,-15157.0,22.551499999999997,25.774,False,False,True,71730.9,1.0869653106262434,49.60317460317461,False,False,0.0,0.0,1,GREEN
468,2022-12-19,Z (Dec 2022),22.6,22.63,21.45,22.3,22.147,-0.3037,56230,0,39037,F (Jan 2023),24.65,24.65,23.65,24.15,24.0198,-0.6612,103067.0,0.0,168706.0,207743.0,-7698.0,22.441499999999998,25.587999999999997,False,False,False,71175.06,0.790023921300523,9.920634920634921,False,False,0.0,0.0,0,GREEN
469,2022-12-20,Z (Dec 2022),22.25,23.1,21.25,21.49,21.4848,-0.6622,55824,0,30820,F (Jan 2023),24.1,24.85,23.6,23.9,23.9359,-0.0839,87829.0,0.0,168713.0,199533.0,-8210.0,22.324,25.377799999999997,False,False,False,70581.02,0.7909208452924029,9.920634920634921,False,False,0.0,0.0,0,GREEN
470,2022-12-21,Z (Dec 2022),21.5,21.5,20.55,20.55,20.25,-1.2348,1397,0,25977,F (Jan 2023),23.95,23.95,22.85,23.0,23.0131,-0.9228,79322.0,0.0,163089.0,189066.0,-10467.0,22.204,25.138799999999996,False,False,False,69090.48,0.020219862418092913,4.761904761904762,False,False,0.0,0.0,0,GREEN
471,2022-12-22,F (Jan 2023),22.95,25.4,22.75,24.34,24.2555,1.2424,123788,121,154262,G (Feb 2023),24.25,26.0,24.05,25.35,25.301,0.9616,56321.0,0.0,61564.0,215826.0,,22.296,24.9816,False,True,True,70183.82,1.763768344327795,90.47619047619048,False,True,1.0,1.0,3,YELLOW
472,2022-12-23,F (Jan 2023),24.35,24.5,23.35,23.6,23.6302,-0.6253,72324,269,148900,G (Feb 2023),25.34,25.45,24.65,24.9,24.8909,-0.4101,42451.0,0.0,64401.0,213301.0,-2525.0,22.346,24.836599999999997,False,True,True,69270.6,1.0440793063724003,34.523809523809526,False,False,1.0,1.0,2,YELLOW
473,2022-12-27,F (Jan 2023),23.6,24.1,23.2,23.4,23.4524,-0.1778,63271,0,143406,G (Feb 2023),24.8,25.17,24.55,24.74,24.8001,-0.0908,41532.0,0.0,66834.0,210240.0,-3061.0,22.3435,24.6666,False,False,True,68902.92,0.9182629705678657,21.825396825396826,False,False,1.0,1.0,1,GREEN
474,2022-12-28,F (Jan 2023),23.45,23.65,22.85,23.51,23.5481,0.0957,62569,21,138336,G (Feb 2023),24.75,24.9,24.3,24.78,24.7588,-0.0413,39472.0,0.0,70419.0,208755.0,-1485.0,22.3625,24.5138,False,True,True,68898.42,0.9081340326817364,19.047619047619047,False,False,1.0,1.0,2,YELLOW
475,2022-12-29,F (Jan 2023),23.55,23.6,22.85,23.15,23.2091,-0.339,48636,0,131831,G (Feb 2023),24.75,24.85,24.2,24.48,24.4999,-0.2589,40251.0,0.0,73917.0,205748.0,-3007.0,22.425,24.364199999999997,False,True,True,68735.44,0.7075825803981177,5.952380952380952,False,False,1.0,1.0,2,YELLOW
476,2022-12-30,F (Jan 2023),23.15,23.71,23.05,23.15,23.0981,-0.111,59852,0,127347,G (Feb 2023),24.46,24.95,24.42,24.55,24.5453,0.0454,43493.0,0.0,78972.0,206319.0,571.0,22.496000000000002,24.1992,False,True,True,69908.16,0.8561518426461231,15.476190476190476,False,False,0.0,1.0,2,YELLOW
477,2023-01-03,F (Jan 2023),23.0,23.95,22.6,23.07,23.0514,-0.0467,83675,0,116347,G (Feb 2023),24.45,24.9,24.02,24.13,24.0825,-0.4628,65485.0,0.0,90899.0,207246.0,927.0,22.587,24.0596,False,True,True,69606.76,1.2021102548085847,55.952380952380956,False,False,0.0,1.0,2,YELLOW
478,2023-01-04,F (Jan 2023),23.3,23.3,22.38,22.6,22.401,-0.6504,75984,0,112296,G (Feb 2023),24.15,24.2,23.35,23.53,23.3757,-0.7068,55279.0,330.0,103752.0,216048.0,8802.0,22.634,23.917600000000004,False,True,False,69285.38,1.0966815798657668,43.65079365079365,False,False,0.0,1.0,1,GREEN
479,2023-01-05,F (Jan 2023),22.6,23.2,22.32,22.71,22.6516,0.2506,76784,0,103625,G (Feb 2023),23.5,23.87,23.27,23.55,23.5365,0.1608,51814.0,0.0,108668.0,212293.0,-3755.0,22.646,23.781000000000002,False,True,True,69375.06,1.1067954391679085,46.82539682539682,False,False,0.0,1.0,2,YELLOW
480,2023-01-06,F (Jan 2023),22.7,22.81,21.8,22.16,22.1957,-0.4559,82239,0,94065,G (Feb 2023),23.53,23.6,22.6,22.91,22.9488,-0.5877,69649.0,0.0,115604.0,209669.0,-2624.0,22.6115,23.6562,False,False,False,69451.88,1.1841148144585862,54.36507936507936,False,False,0.0,1.0,0,GREEN
481,2023-01-09,F (Jan 2023),22.16,22.62,21.78,22.42,22.2669,0.0712,73354,0,84003,G (Feb 2023),22.86,23.3,22.6,23.17,23.0757,0.1269,65065.0,0.0,115436.0,199439.0,-10230.0,22.610000000000003,23.5572,False,False,False,69232.14,1.0595367989491586,36.11111111111111,False,False,0.0,0.0,0,GREEN
482,2023-01-10,F (Jan 2023),22.4,22.73,21.0,21.15,21.0949,-1.172,80806,25,71026,G (Feb 2023),23.15,23.47,22.15,22.23,22.1945,-0.8812,77451.0,315.0,128931.0,199957.0,518.0,22.505000000000003,23.432199999999998,False,False,False,69318.16,1.1657262685564649,53.17460317460318,False,False,0.0,0.0,0,GREEN
483,2023-01-11,F (Jan 2023),21.15,21.45,21.0,21.25,21.2004,0.1055,64803,0,61546,G (Feb 2023),22.25,22.4,22.0,22.26,22.3485,0.154,72769.0,143.0,139449.0,200995.0,1038.0,22.408,23.334199999999996,False,False,False,69116.48,0.9375911504752558,23.41269841269841,False,False,0.0,0.0,0,GREEN
484,2023-01-12,F (Jan 2023),21.25,21.62,19.79,19.95,19.82,-1.3804,93847,0,59795,G (Feb 2023),22.28,22.61,21.23,21.45,21.252,-1.0965,98766.0,216.0,148414.0,208209.0,7214.0,22.318,23.212999999999997,False,False,False,69543.5,1.3494719132629218,70.63492063492063,False,False,0.0,0.0,0,GREEN
485,2023-01-13,F (Jan 2023),19.9,20.2,19.13,19.35,19.4988,-0.3212,74712,0,53668,G (Feb 2023),21.36,21.5,20.54,20.6,20.7317,-0.5203,94017.0,0.0,152753.0,206421.0,-1788.0,22.2555,23.084,False,False,False,69667.12,1.0724140742433448,41.66666666666667,False,False,0.0,0.0,0,GREEN
486,2023-01-17,F (Jan 2023),19.45,20.1,19.25,19.6,19.3155,-0.1833,82094,0,29990,G (Feb 2023),20.65,21.25,20.6,20.98,20.9452,0.2135,126763.0,0.0,167225.0,197215.0,-9206.0,22.1155,22.95,False,False,False,69323.18,1.1842214970519243,55.952380952380956,False,False,0.0,0.0,0,GREEN
487,2023-01-18,F (Jan 2023),19.55,19.7,18.95,19.09,19.09,-0.2255,958,0,22982,G (Feb 2023),21.0,21.85,20.55,21.61,21.6874,0.7422,94710.0,200.0,160694.0,183676.0,-13539.0,21.942,22.8158,False,False,False,67742.16,0.014141857891747177,0.7936507936507936,False,False,0.0,0.0,0,GREEN
488,2023-01-19,G (Feb 2023),21.65,22.55,21.45,21.61,21.7451,0.0577,84423,0,152097,H (Mar 2023),22.53,23.21,22.4,22.52,22.6023,0.0224,47712.0,0.0,64421.0,216518.0,,21.907500000000002,22.738000000000003,False,False,False,67471.46,1.251240153985107,61.111111111111114,False,False,0.0,0.0,0,GREEN
489,2023-01-20,G (Feb 2023),21.65,21.85,20.85,21.01,21.086,-0.6591,74871,0,150376,H (Mar 2023),22.51,22.75,21.92,22.0,22.032,-0.5703,41013.0,0.0,68158.0,218534.0,2016.0,21.8835,22.653200000000002,False,False,False,67781.66,1.104590828846623,42.857142857142854,False,False,0.0,0.0,0,GREEN
490,2023-01-23,G (Feb 2023),21.0,21.15,20.65,20.78,20.7548,-0.3312,71974,0,146614,H (Mar 2023),21.96,22.05,21.7,21.81,21.8469,-0.1851,45179.0,0.0,70100.0,216714.0,-1820.0,21.895,22.546799999999998,False,True,False,67777.14,1.0619214679167637,33.33333333333333,False,False,0.0,0.0,1,GREEN
491,2023-01-24,G (Feb 2023),20.75,21.05,19.85,20.0,19.9502,-0.8046,87757,0,140845,H (Mar 2023),21.81,22.0,20.92,21.02,21.0023,-0.8446,52910.0,210.0,73175.0,214020.0,-2694.0,21.678,22.4078,False,False,False,68002.06,1.29050502293607,65.47619047619048,False,False,0.0,0.0,0,GREEN
492,2023-01-25,G (Feb 2023),20.0,21.4,19.85,20.0,19.9583,0.0081,105422,0,139210,H (Mar 2023),21.0,22.02,20.95,21.05,21.0531,0.0508,55189.0,0.0,74940.0,214150.0,130.0,21.497999999999998,22.312599999999996,False,False,False,68363.06,1.5420901287917774,80.15873015873017,False,False,0.0,0.0,0,GREEN
493,2023-01-26,G (Feb 2023),20.05,20.23,19.59,19.75,19.6703,-0.288,71404,0,136577,H (Mar 2023),21.08,21.17,20.7,20.81,20.8311,-0.222,47076.0,0.0,80269.0,216846.0,2696.0,21.3155,22.226599999999998,False,False,False,68513.54,1.0421881572605942,30.952380952380953,False,False,0.0,0.0,0,GREEN
494,2023-01-27,G (Feb 2023),19.7,19.86,18.95,19.5,19.3177,-0.3526,84596,0,135418,H (Mar 2023),20.85,20.9,20.15,20.5,20.4616,-0.3695,58664.0,110.0,86928.0,222346.0,5500.0,21.115000000000002,22.135,False,False,False,68809.46,1.2294239774589133,62.301587301587304,False,False,0.0,0.0,0,GREEN
495,2023-01-30,G (Feb 2023),19.45,20.41,19.4,20.1,20.0481,0.7304,86138,0,130070,H (Mar 2023),20.55,21.22,20.55,20.86,20.874,0.4124,56587.0,0.0,91289.0,221359.0,-987.0,20.9625,22.035999999999998,False,False,False,69152.26,1.2456281255305324,64.28571428571429,False,False,0.0,0.0,0,GREEN
496,2023-01-31,G (Feb 2023),20.0,20.62,19.3,19.45,19.5257,-0.5224,78530,0,124812,H (Mar 2023),20.87,21.28,20.3,20.37,20.4806,-0.3934,54820.0,176.0,96515.0,221327.0,-32.0,20.7775,21.936999999999998,False,False,False,70700.6,1.1107402200264211,52.77777777777778,False,False,0.0,0.0,0,GREEN
497,2023-02-01,G (Feb 2023),19.45,20.05,18.5,18.75,18.7506,-0.7751,107659,0,120441,H (Mar 2023),20.4,20.85,19.75,19.91,19.9559,-0.5247,71457.0,0.0,102476.0,222917.0,1590.0,20.561500000000002,21.816399999999998,False,False,False,71596.16,1.5036979636896726,84.92063492063492,False,False,0.0,0.0,0,GREEN
498,2023-02-02,G (Feb 2023),18.75,19.9,18.1,19.6,19.2989,0.5483,126626,0,115059,H (Mar 2023),19.9,20.9,19.42,20.54,20.3479,0.392,98312.0,264.0,109211.0,224270.0,1353.0,20.4115,21.718400000000003,False,False,False,73077.74,1.7327574717006846,94.04761904761905,False,True,1.0,1.0,1,GREEN
499,2023-02-03,G (Feb 2023),19.55,20.3,19.18,19.35,19.3373,0.0384,113057,0,106609,H (Mar 2023),20.5,21.15,20.3,20.52,20.5476,0.1997,89532.0,0.0,116713.0,223322.0,-948.0,20.2435,21.628600000000002,False,False,False,74283.26,1.5219714374409525,87.3015873015873,False,False,1.0,1.0,0,GREEN
500,2023-02-06,G (Feb 2023),19.4,20.2,19.38,19.95,20.0124,0.6751,94088,0,88724,H (Mar 2023),20.6,21.1,20.55,20.92,20.95,0.4024,79604.0,264.0,119785.0,208509.0,-14813.0,20.133,21.5686,False,False,False,75124.26,1.2524316379289462,74.60317460317461,False,False,1.0,1.0,0,GREEN
501,2023-02-07,G (Feb 2023),19.98,20.4,19.09,19.49,19.2146,-0.7978,105879,190,81607,H (Mar 2023),20.85,21.2,20.15,20.56,20.3507,-0.5993,77418.0,311.0,128262.0,209869.0,1360.0,19.9865,21.5084,False,False,False,76023.8,1.3927085991492139,81.74603174603175,False,False,1.0,1.0,0,GREEN
502,2023-02-08,G (Feb 2023),19.45,20.55,19.15,20.1,20.0524,0.8378,101124,0,70513,H (Mar 2023),20.55,21.5,20.35,21.2,21.1509,0.8002,91826.0,0.0,136549.0,207062.0,-2807.0,19.934,21.458399999999997,False,False,True,77315.0,1.3079480049149583,79.76190476190477,False,False,1.0,1.0,1,GREEN
503,2023-02-09,G (Feb 2023),20.1,20.9,19.35,20.67,20.8103,0.7579,92826,0,60492,H (Mar 2023),21.2,21.86,20.6,21.67,21.7857,0.6348,99341.0,0.0,143571.0,204063.0,-2999.0,19.905,21.402800000000003,False,False,True,77910.48,1.191444334574758,72.22222222222221,False,False,0.0,1.0,1,GREEN
504,2023-02-10,G (Feb 2023),20.7,21.7,20.69,20.8,20.9304,0.1201,98520,275,50881,H (Mar 2023),21.7,22.6,21.7,21.96,22.0492,0.2635,117190.0,0.0,152466.0,203347.0,-716.0,19.9475,21.356199999999998,False,True,True,78669.98,1.2523201353298934,77.77777777777779,False,False,0.0,1.0,2,YELLOW
505,2023-02-13,G (Feb 2023),20.75,21.25,19.8,19.86,19.9144,-1.016,66195,0,40203,H (Mar 2023),21.95,22.26,21.1,21.18,21.2484,-0.8008,99196.0,0.0,158117.0,198320.0,-5027.0,19.973,21.315400000000004,False,True,False,78307.2,0.8453245678558294,24.206349206349206,False,False,0.0,1.0,1,GREEN
506,2023-02-14,G (Feb 2023),19.9,20.05,18.55,18.95,18.6489,-1.2655,83001,0,28930,H (Mar 2023),21.15,21.35,20.22,20.55,20.4267,-0.8217,123566.0,0.0,165163.0,194093.0,-4227.0,19.9405,21.2598,False,False,False,78427.58,1.0583139247698323,58.333333333333336,False,False,0.0,1.0,0,GREEN
507,2023-02-15,G (Feb 2023),18.95,19.3,18.7,18.9,18.69,0.0411,1191,0,26248,H (Mar 2023),20.55,20.81,20.03,20.05,20.0523,-0.3744,84279.0,0.0,169720.0,195968.0,1875.0,19.931,21.2128,False,False,False,76793.0,0.015509226101337361,2.7777777777777777,False,False,0.0,1.0,0,GREEN
508,2023-02-16,H (Mar 2023),20.11,21.26,19.91,21.2,21.1605,1.1082,119249,0,164384,J (Apr 2023),21.2,22.0,20.97,21.92,21.901,0.7972,57347.0,0.0,66179.0,230563.0,,19.9105,21.2036,False,False,True,77491.94,1.5388568153023399,91.66666666666666,False,True,1.0,1.0,2,YELLOW
509,2023-02-17,H (Mar 2023),21.21,22.06,21.15,21.4,21.2482,0.0877,86203,0,157884,J (Apr 2023),21.95,22.55,21.87,22.04,21.9486,0.0476,41601.0,0.0,69445.0,227329.0,-3234.0,19.93,21.182199999999998,True,True,True,77786.84,1.1081951651461868,65.47619047619048,False,False,1.0,1.0,3,YELLOW
510,2023-02-21,H (Mar 2023),21.5,23.1,21.3,23.0,22.9011,1.6529,112119,0,153353,J (Apr 2023),22.1,23.45,22.05,23.36,23.2459,1.2973,51677.0,0.0,76750.0,230103.0,2774.0,20.041,21.1852,True,True,True,78654.66,1.4254590891372487,87.6984126984127,False,False,1.0,1.0,3,YELLOW
511,2023-02-22,H (Mar 2023),23.0,23.26,22.05,22.05,22.2109,-0.6902,102505,434,143011,J (Apr 2023),23.35,23.6,22.65,22.65,22.7161,-0.5298,49483.0,86.0,76916.0,219927.0,-10176.0,20.1435,21.177200000000003,True,True,True,79644.04,1.287039180835126,80.55555555555556,False,False,1.0,1.0,3,YELLOW
512,2023-02-23,H (Mar 2023),22.05,22.45,21.2,21.34,21.3726,-0.8383,79955,0,143848,J (Apr 2023),22.66,22.9,22.0,22.11,22.1509,-0.5652,40650.0,0.0,80263.0,224111.0,4184.0,20.210500000000003,21.139,True,True,True,79939.32,1.0001961487788487,53.17460317460318,False,False,1.0,1.0,3,YELLOW
513,2023-02-24,H (Mar 2023),21.35,22.87,21.3,22.25,22.1873,0.8147,108379,0,138460,J (Apr 2023),22.12,23.3,22.1,22.89,22.8954,0.7445,57067.0,0.0,84258.0,222718.0,-1393.0,20.335500000000003,21.1202,True,True,True,80672.62,1.3434421740610383,86.11111111111111,False,False,0.0,1.0,3,YELLOW
514,2023-02-27,H (Mar 2023),22.25,22.25,21.05,21.28,21.3317,-0.8556,82024,0,137496,J (Apr 2023),22.95,22.95,22.1,22.21,22.25,-0.6454,50773.0,144.0,87544.0,225040.0,2322.0,20.424500000000002,21.110799999999998,True,True,True,80517.68,1.0187079409143434,56.74603174603175,False,False,0.0,1.0,3,YELLOW
515,2023-02-28,H (Mar 2023),21.23,21.6,20.55,20.95,20.7757,-0.556,75379,0,134572,J (Apr 2023),22.2,22.46,21.65,21.9,21.7518,-0.4982,47083.0,0.0,89601.0,224173.0,-867.0,20.467,21.117800000000003,False,True,True,80173.82,0.9401946919829939,44.44444444444444,False,False,0.0,1.0,2,YELLOW
516,2023-03-01,H (Mar 2023),21.0,21.6,20.6,20.96,21.0322,0.2565,78527,0,130705,J (Apr 2023),21.87,22.35,21.6,21.98,22.0497,0.2979,47428.0,0.0,93708.0,224413.0,240.0,20.5425,21.089000000000002,False,True,True,79814.74,0.9838658874288132,51.98412698412699,False,False,0.0,1.0,2,YELLOW
517,2023-03-02,H (Mar 2023),21.02,21.7,20.15,20.27,20.2009,-0.8313,77814,0,127537,J (Apr 2023),22.0,22.55,21.2,21.32,21.2499,-0.7998,50645.0,0.0,96967.0,224504.0,91.0,20.6185,21.043200000000002,False,True,False,79811.64,0.9749705682028336,51.19047619047619,False,False,0.0,1.0,1,GREEN
518,2023-03-03,H (Mar 2023),20.3,20.45,19.4,19.4,19.4984,-0.7025,68726,0,127241,J (Apr 2023),21.33,21.45,20.65,20.67,20.7153,-0.5346,50235.0,0.0,101457.0,228698.0,4194.0,20.6085,20.9852,False,False,False,80061.56,0.858414450080663,26.984126984126984,False,False,0.0,0.0,0,GREEN
519,2023-03-06,H (Mar 2023),19.45,19.65,19.05,19.2,19.2202,-0.2782,65067,0,126833,J (Apr 2023),20.7,20.8,20.3,20.35,20.3629,-0.3524,45444.0,0.0,106318.0,233151.0,4453.0,20.601000000000003,20.9394,False,False,False,80246.42,0.8108399103660948,23.809523809523807,False,False,0.0,0.0,0,GREEN
520,2023-03-07,H (Mar 2023),19.2,19.95,18.85,19.78,19.7516,0.5314,87223,53,124081,J (Apr 2023),20.4,20.9,20.1,20.85,20.8009,0.438,64323.0,220.0,110283.0,234364.0,1213.0,20.5925,20.924,False,False,False,81962.94,1.0641760776272788,68.25396825396825,False,False,0.0,0.0,0,GREEN
521,2023-03-08,H (Mar 2023),19.76,20.0,19.2,19.27,19.3052,-0.4464,66018,56,120248,J (Apr 2023),20.85,21.05,20.35,20.39,20.4505,-0.3504,57367.0,165.0,115848.0,236096.0,1732.0,20.5815,20.822599999999998,False,False,False,80807.54,0.8169782176267215,24.6031746031746,False,False,0.0,0.0,0,GREEN
522,2023-03-09,H (Mar 2023),19.25,22.0,18.9,21.86,21.7964,2.4912,128401,0,117032,J (Apr 2023),20.42,22.6,20.15,22.47,22.4264,1.9759,99631.0,0.0,121966.0,238998.0,2902.0,20.6695,20.7878,True,True,True,81929.08,1.5672213089662426,96.42857142857143,False,True,1.0,1.0,4,ORANGE
523,2023-03-10,H (Mar 2023),21.8,27.0,21.15,23.85,24.1808,2.3844,258562,0,103226,J (Apr 2023),22.5,26.8,21.9,24.38,24.7848,2.3584,204754.0,0.0,122517.0,225743.0,-13255.0,20.8285,20.796799999999998,True,True,True,85834.9,3.01231783342207,100.0,True,True,2.0,2.0,6,RED
524,2023-03-13,H (Mar 2023),23.95,28.4,22.4,25.1,25.3724,1.1916,204022,864,91311,J (Apr 2023),24.45,27.51,23.0,25.32,25.5333,0.7485,156435.0,110.0,130235.0,221546.0,-4197.0,21.043499999999998,20.8286,True,True,True,88663.96,2.3010702431968975,99.60317460317461,True,True,3.0,3.0,7,RED
525,2023-03-14,H (Mar 2023),25.25,25.65,22.2,23.58,23.7017,-1.6707,155485,855,81246,J (Apr 2023),25.45,25.65,22.65,23.78,23.9083,-1.625,152664.0,184.0,125212.0,206458.0,-15088.0,21.2295,20.8372,True,True,True,90800.94,1.7123721406408348,98.01587301587301,False,True,4.0,4.0,6,RED
526,2023-03-15,H (Mar 2023),23.6,28.55,23.02,25.85,25.8129,2.1112,182630,180,76752,J (Apr 2023),23.75,28.05,23.4,25.89,25.8726,1.9643,201826.0,0.0,130802.0,207554.0,1096.0,21.5745,20.891199999999998,True,True,True,93256.5,1.9583621516998815,99.20634920634922,True,True,5.0,5.0,7,RED
527,2023-03-16,H (Mar 2023),25.9,26.93,22.95,23.23,23.0155,-2.7974,102813,1301,61049,J (Apr 2023),25.8,26.82,23.5,23.76,23.5506,-2.322,118815.0,0.0,125547.0,186596.0,-20958.0,21.791,20.8944,True,True,True,93639.26,1.097968950203152,82.14285714285714,False,False,4.0,5.0,5,ORANGE
528,2023-03-17,H (Mar 2023),23.3,26.2,22.61,25.8,25.6342,2.6187,94840,245,50177,J (Apr 2023),23.55,26.5,23.35,26.1,26.1463,2.5957,143684.0,0.0,137279.0,187456.0,860.0,22.021,20.9584,True,True,True,94016.38,1.0087603883493492,75.39682539682539,False,False,3.0,5.0,5,ORANGE
529,2023-03-20,H (Mar 2023),25.8,28.05,23.9,24.17,24.1683,-1.4659,65922,0,40117,J (Apr 2023),25.7,28.25,24.78,24.93,24.942,-1.2043,122681.0,0.0,144874.0,184991.0,-2465.0,22.1595,20.9876,True,True,True,93799.14,0.7027996205508921,23.809523809523807,False,False,2.0,5.0,5,ORANGE
530,2023-03-21,H (Mar 2023),24.2,24.29,21.15,21.44,21.5908,-2.5775,67680,0,25670,J (Apr 2023),24.92,25.05,22.65,22.93,22.7699,-2.1721,132321.0,0.0,147289.0,172959.0,-12032.0,22.081500000000002,20.9732,True,False,False,93507.96,0.7237886485813614,26.190476190476193,False,False,1.0,5.0,2,YELLOW
531,2023-03-22,H (Mar 2023),21.6,22.1,21.2,21.2,20.68,-0.9108,766,0,25067,J (Apr 2023),22.9,23.7,21.9,23.65,23.5,0.7301,126216.0,110.0,143920.0,168987.0,-3972.0,22.039,20.948800000000002,True,False,False,92056.2,0.008321003908481993,0.3968253968253968,False,False,0.0,5.0,2,YELLOW
532,2023-03-23,J (Apr 2023),23.5,24.65,22.0,23.93,24.2236,0.7236,132921,0,140161,K (May 2023),23.81,24.75,22.6,24.23,24.4969,0.7862,72173.0,0.0,64774.0,204935.0,,22.1685,21.0044,True,True,True,93098.5,1.4277458820496571,95.23809523809523,False,True,1.0,5.0,5,ORANGE
533,2023-03-24,J (Apr 2023),23.85,26.25,23.16,23.35,23.2241,-0.9995,138091,0,130045,K (May 2023),24.25,26.05,23.93,24.01,23.959,-0.5379,74233.0,0.0,73720.0,203765.0,-1170.0,22.223499999999998,21.0464,True,True,True,94564.26,1.4602874278294993,95.23809523809523,False,True,2.0,5.0,6,RED
534,2023-03-27,J (Apr 2023),23.25,23.9,22.15,22.24,22.2674,-0.9567,82750,0,123540,K (May 2023),23.9,24.42,23.0,23.05,23.0993,-0.8597,51693.0,200.0,76341.0,199881.0,-3884.0,22.2715,21.0922,True,True,False,94342.32,0.8771249212442517,57.14285714285714,False,False,2.0,4.0,4,ORANGE
535,2023-03-28,J (Apr 2023),22.15,22.6,21.6,21.7,21.6995,-0.5679,80142,0,120841,K (May 2023),23.0,23.33,22.6,22.65,22.7125,-0.3868,42491.0,0.0,80576.0,201417.0,1536.0,22.309,21.139200000000002,True,True,False,94450.92,0.8485041755019432,52.77777777777778,False,False,2.0,3.0,4,ORANGE
536,2023-03-29,J (Apr 2023),21.7,21.7,20.75,20.89,20.9309,-0.7686,68182,0,121297,K (May 2023),22.65,22.7,22.0,22.12,22.1493,-0.5632,41677.0,192.0,84615.0,205912.0,4495.0,22.305500000000002,21.165,False,False,False,94172.68,0.7240104030170958,26.58730158730159,False,False,2.0,2.0,1,GREEN
537,2023-03-30,J (Apr 2023),20.95,21.7,20.6,20.95,20.8277,-0.1032,75509,0,121031,K (May 2023),22.09,22.77,21.85,22.2,22.1587,0.0094,45317.0,0.0,87494.0,208525.0,2613.0,22.3395,21.202199999999998,False,True,False,95663.7,0.7893171600094916,43.25396825396825,False,False,1.0,2.0,1,GREEN
538,2023-03-31,J (Apr 2023),20.95,21.25,20.4,20.75,20.7642,-0.0635,73451,102,122889,K (May 2023),22.2,22.42,21.85,22.1,22.1285,-0.0302,47235.0,0.0,91209.0,214098.0,5573.0,22.407000000000004,21.185,False,True,False,95444.26,0.7695695896222571,38.095238095238095,False,False,0.0,2.0,1,GREEN
539,2023-04-03,J (Apr 2023),21.1,21.4,20.2,20.31,20.2095,-0.5547,69159,56,119687,K (May 2023),22.25,22.62,21.5,21.7,21.5513,-0.5772,55088.0,147.0,97198.0,216885.0,2787.0,22.4625,21.171000000000003,False,True,False,95330.02,0.7254692698060904,28.968253968253972,False,False,0.0,2.0,1,GREEN
540,2023-04-04,J (Apr 2023),20.3,21.3,20.05,20.6,20.5997,0.3902,82921,0,117748,K (May 2023),21.6,22.55,21.4,21.96,21.9997,0.4484,63947.0,0.0,104041.0,221789.0,4904.0,22.5035,21.167399999999997,False,True,False,95548.96,0.8678378079677685,57.53968253968254,False,False,0.0,2.0,1,GREEN
541,2023-04-05,J (Apr 2023),20.6,21.25,20.35,20.54,20.4184,-0.1813,61560,72,110966,K (May 2023),21.96,22.5,21.75,21.95,21.8447,-0.155,47564.0,0.0,107019.0,217985.0,-3804.0,22.567,21.178199999999997,False,True,False,95025.02,0.6478293821984988,15.873015873015872,False,False,0.0,2.0,1,GREEN
542,2023-04-06,J (Apr 2023),20.55,20.87,19.78,20.05,19.9781,-0.4403,62532,0,107431,K (May 2023),21.95,22.15,21.3,21.52,21.4985,-0.3462,46173.0,0.0,115304.0,222735.0,4750.0,22.4765,21.179199999999994,False,False,False,94167.22,0.6640527351237511,17.857142857142858,False,False,0.0,1.0,0,GREEN
543,2023-04-10,J (Apr 2023),20.05,20.45,19.7,19.83,19.804,-0.1741,57883,68,96642,K (May 2023),21.5,21.8,21.11,21.22,21.2259,-0.2726,53610.0,0.0,123257.0,219899.0,-2836.0,22.2755,21.180799999999998,False,False,False,93896.8,0.6164533828628878,11.904761904761903,False,False,0.0,0.0,0,GREEN
544,2023-04-11,J (Apr 2023),19.85,19.95,19.32,19.8,19.7666,-0.0374,56305,0,89483,K (May 2023),21.2,21.27,20.7,21.01,20.971,-0.2549,63788.0,0.0,133519.0,223002.0,3103.0,22.0105,21.186799999999998,False,False,False,93330.98,0.6032830684945127,10.317460317460316,False,False,0.0,0.0,0,GREEN
545,2023-04-12,J (Apr 2023),19.75,20.2,19.05,20.03,19.9518,0.1852,81109,0,76681,K (May 2023),21.03,21.25,20.4,21.06,21.0517,0.0807,82659.0,0.0,144944.0,221625.0,-1377.0,21.833,21.1854,False,False,False,93230.4,0.8699844685853542,53.57142857142857,False,False,0.0,0.0,0,GREEN
546,2023-04-13,J (Apr 2023),20.05,20.12,18.7,18.87,18.7342,-1.2176,75928,0,74067,K (May 2023),21.05,21.15,20.25,20.5,20.4359,-0.6158,77091.0,0.0,154243.0,228310.0,6685.0,21.484,21.1738,False,False,False,93178.36,0.8148673146855128,43.65079365079365,False,False,0.0,0.0,0,GREEN
547,2023-04-14,J (Apr 2023),18.9,19.05,18.16,18.2,18.3523,-0.3819,69638,0,65631,K (May 2023),20.49,20.72,20.0,20.05,20.09,-0.3459,87993.0,0.0,166169.0,231800.0,3490.0,21.232499999999998,21.162799999999997,False,False,False,92417.94,0.7535117099558808,30.952380952380953,False,False,0.0,0.0,0,GREEN
548,2023-04-17,J (Apr 2023),18.15,18.3,17.4,17.5,17.416,-0.9363,65122,0,54447,K (May 2023),20.01,20.2,19.45,19.63,19.5767,-0.5133,95611.0,0.0,171210.0,225657.0,-6143.0,20.8175,21.1208,False,False,False,91187.86,0.7141520812090557,23.809523809523807,False,False,0.0,0.0,0,GREEN
549,2023-04-18,J (Apr 2023),17.45,17.63,16.88,17.05,17.0513,-0.3647,50327,0,44912,K (May 2023),19.65,19.75,19.25,19.5,19.4442,-0.1325,89483.0,0.0,178970.0,223882.0,-1775.0,20.461499999999997,21.0748,False,False,False,89933.26,0.5596038662448132,6.349206349206349,False,False,0.0,0.0,0,GREEN
550,2023-04-19,J (Apr 2023),17.15,17.65,16.8,17.35,16.75,-0.3013,1336,0,43591,K (May 2023),19.47,19.9,19.17,19.48,19.4007,-0.0435,80145.0,604.0,180323.0,223914.0,32.0,20.256999999999998,21.022800000000004,False,False,False,88078.22,0.015168335599879288,3.968253968253968,False,False,0.0,0.0,0,GREEN
551,2023-04-20,K (May 2023),19.55,20.0,19.3,19.83,19.8376,0.4369,67324,0,178300,M (Jun 2023),21.5,21.9,21.35,21.75,21.8001,0.4389,46985.0,0.0,83115.0,261415.0,,20.188499999999998,21.029600000000002,False,False,False,87307.12,0.7711169489956833,26.984126984126984,False,False,0.0,0.0,0,GREEN
552,2023-04-21,K (May 2023),19.8,20.05,19.35,19.45,19.4083,-0.4293,76857,0,177780,M (Jun 2023),21.72,22.0,21.52,21.69,21.638,-0.1621,48728.0,0.0,88695.0,266475.0,5060.0,19.964499999999997,21.016599999999997,False,False,False,86821.78,0.8852271860816491,46.82539682539682,False,False,0.0,0.0,0,GREEN
553,2023-04-24,K (May 2023),19.45,19.85,19.25,19.3,19.3262,-0.0821,59274,0,175105,M (Jun 2023),21.67,22.05,21.55,21.59,21.5595,-0.0785,46523.0,0.0,94065.0,269170.0,2695.0,19.762,20.9892,False,False,False,86150.74,0.6880265915301481,13.095238095238097,False,False,0.0,0.0,0,GREEN
554,2023-04-25,K (May 2023),19.35,21.2,19.28,20.65,21.0194,1.6932,124218,538,163504,M (Jun 2023),21.6,23.05,21.56,22.67,22.9737,1.4142,71447.0,118.0,99395.0,262899.0,-6271.0,19.682499999999997,20.9862,False,False,True,86664.7,1.433317140658192,92.46031746031747,False,True,1.0,1.0,2,YELLOW
555,2023-04-26,K (May 2023),20.6,21.13,19.8,20.3,20.4248,-0.5946,110352,55,157530,M (Jun 2023),22.65,23.02,22.05,22.39,22.4992,-0.4745,58271.0,0.0,103777.0,261307.0,-1592.0,19.6125,20.995,False,False,True,87547.84,1.2604765577311787,86.90476190476191,False,False,1.0,1.0,1,GREEN
556,2023-04-27,K (May 2023),20.35,20.38,19.15,19.3,19.4461,-0.9787,83145,21,155973,M (Jun 2023),22.37,22.47,21.55,21.73,21.8142,-0.685,58832.0,0.0,107070.0,263043.0,1736.0,19.533,21.002,False,False,False,87550.72,0.9496780837439144,59.12698412698413,False,False,1.0,1.0,0,GREEN
557,2023-04-28,K (May 2023),19.35,19.87,18.4,18.45,18.4361,-1.01,88271,600,157686,M (Jun 2023),21.75,22.13,21.25,21.3,21.3015,-0.5127,55733.0,323.0,112950.0,270636.0,7593.0,19.407999999999998,20.993000000000002,False,False,False,89292.32,0.9885620622243884,68.65079365079364,False,False,1.0,1.0,0,GREEN
558,2023-05-01,K (May 2023),18.5,18.65,17.65,18.65,18.1693,-0.2668,89673,0,152672,M (Jun 2023),21.33,21.35,20.45,21.15,20.8044,-0.4971,59994.0,0.0,119634.0,272306.0,1670.0,19.303,20.942000000000004,False,False,False,88700.8,1.010960442295898,69.04761904761905,False,False,1.0,1.0,0,GREEN
559,2023-05-02,K (May 2023),18.6,20.8,18.55,19.34,19.3402,1.1709,157592,0,142166,M (Jun 2023),21.15,22.67,20.94,21.51,21.4668,0.6624,105232.0,0.0,126128.0,268294.0,-4012.0,19.2545,20.9008,False,False,True,90128.58,1.7485241640332068,98.4126984126984,False,True,1.0,2.0,2,YELLOW
560,2023-05-03,K (May 2023),19.35,20.6,18.78,20.41,19.9541,0.6139,100647,0,136398,M (Jun 2023),21.51,22.5,21.1,22.33,21.9995,0.5327,80804.0,0.0,133703.0,270101.0,1807.0,19.245,20.849,False,False,True,89899.14,1.119554647575049,81.34920634920636,False,False,1.0,2.0,1,GREEN
561,2023-05-04,K (May 2023),20.65,22.1,19.8,21.2,21.1905,1.2364,161231,60,128905,M (Jun 2023),22.47,23.35,21.9,22.93,22.9204,0.9209,106336.0,0.0,137951.0,266856.0,-3245.0,19.278,20.831999999999997,True,True,True,91073.66,1.7703362311342268,98.4126984126984,False,True,2.0,3.0,6,RED
562,2023-05-05,K (May 2023),21.15,21.15,19.05,19.4,19.2868,-1.9037,96477,25,122559,M (Jun 2023),22.9,22.9,21.17,21.45,21.347,-1.5734,73482.0,0.0,143820.0,266379.0,-477.0,19.2455,20.793200000000002,False,False,True,91404.1,1.055499698591201,78.17460317460318,False,False,2.0,3.0,3,YELLOW
563,2023-05-08,K (May 2023),19.4,19.46,18.85,19.05,19.0021,-0.2847,61625,0,114879,M (Jun 2023),21.5,21.5,20.9,20.95,20.9454,-0.4016,61430.0,0.0,150642.0,265521.0,-858.0,19.2065,20.729200000000002,False,False,False,90469.02,0.6811724057583468,16.666666666666664,False,False,2.0,3.0,2,YELLOW
564,2023-05-09,K (May 2023),19.05,19.7,18.96,19.35,19.4202,0.4181,68780,0,106494,M (Jun 2023),21.0,21.41,20.95,21.29,21.3303,0.3849,64802.0,0.0,157157.0,263651.0,-1870.0,19.184,20.6906,False,False,True,90204.14,0.7624927192920413,29.761904761904763,False,False,1.0,2.0,1,GREEN
565,2023-05-10,K (May 2023),19.45,19.88,18.3,18.9,18.8504,-0.5698,114165,380,91197,M (Jun 2023),21.4,21.65,20.5,20.78,20.7546,-0.5757,94446.0,620.0,170249.0,261446.0,-2205.0,19.1275,20.6496,False,False,False,90979.86,1.2548381586869886,90.47619047619048,False,True,2.0,3.0,3,YELLOW
566,2023-05-11,K (May 2023),18.9,19.65,18.47,18.61,18.6032,-0.2472,86183,0,74648,M (Jun 2023),20.75,21.5,20.45,20.52,20.5239,-0.2307,89012.0,0.0,181120.0,255768.0,-5678.0,19.1145,20.602600000000002,False,False,False,91132.98,0.9456839883870801,66.66666666666666,False,False,1.0,3.0,1,GREEN
567,2023-05-12,K (May 2023),18.65,19.1,17.85,18.6,18.5431,-0.0601,78146,110,66128,M (Jun 2023),20.6,21.06,20.2,20.6,20.5509,0.027,88225.0,0.0,190929.0,257057.0,1289.0,19.1345,20.569200000000002,False,True,False,91139.62,0.8574317075274178,51.19047619047619,False,False,1.0,3.0,2,YELLOW
568,2023-05-15,K (May 2023),18.61,18.77,17.55,17.75,17.801,-0.7421,72822,237,55056,M (Jun 2023),20.6,20.75,20.0,20.11,20.0649,-0.486,88117.0,0.0,201924.0,256980.0,-77.0,19.147,20.536199999999997,False,True,False,91221.54,0.7982982966523039,39.285714285714285,False,False,1.0,3.0,2,YELLOW
569,2023-05-16,K (May 2023),17.73,18.43,17.63,18.2,18.282,0.481,60493,0,41766,M (Jun 2023),20.1,20.7,20.05,20.5,20.6437,0.5788,88544.0,0.0,210985.0,252751.0,-4229.0,19.204500000000003,20.516199999999998,False,True,False,91130.06,0.6638095047890894,15.079365079365079,False,False,1.0,2.0,1,GREEN
570,2023-05-17,K (May 2023),18.15,18.31,17.55,17.6,17.12,-1.162,2112,0,40252,M (Jun 2023),20.5,20.65,19.85,19.86,19.9815,-0.6622,90104.0,691.0,211994.0,252246.0,-505.0,19.217,20.4726,False,True,False,89427.84,0.023616806578354126,5.158730158730158,False,False,0.0,2.0,1,GREEN
571,2023-05-18,M (Jun 2023),19.9,20.01,19.05,19.15,19.1473,-0.8342,71093,0,210068,N (Jul 2023),21.67,21.75,20.9,20.93,20.9557,-0.7863,43001.0,0.0,65269.0,275337.0,,19.183,20.4702,False,False,False,89529.34,0.7940748809273027,33.730158730158735,False,False,0.0,1.0,0,GREEN
572,2023-05-19,M (Jun 2023),19.1,20.1,18.85,19.8,19.6485,0.5012,96138,460,213525,N (Jul 2023),20.93,21.71,20.65,21.6,21.4995,0.5438,51080.0,160.0,69643.0,283168.0,7831.0,19.200499999999998,20.429,False,True,True,88884.08,1.08161101515592,78.57142857142857,False,False,0.0,1.0,2,YELLOW
573,2023-05-22,M (Jun 2023),19.9,20.15,19.3,19.65,19.671,0.0225,74383,312,211830,N (Jul 2023),21.65,21.81,21.2,21.44,21.4467,-0.0528,35055.0,46.0,71029.0,282859.0,-309.0,19.218,20.345,False,True,True,85200.5,0.8730347826597262,41.269841269841265,False,False,0.0,1.0,2,YELLOW
574,2023-05-23,M (Jun 2023),19.7,20.4,19.41,20.1,20.0458,0.3748,81083,0,205969,N (Jul 2023),21.43,21.95,21.2,21.63,21.6473,0.2006,41588.0,0.0,75280.0,281249.0,-1610.0,19.1905,20.245,False,False,True,82741.72,0.9799530394098648,55.55555555555556,False,False,0.0,1.0,1,GREEN
575,2023-05-24,M (Jun 2023),20.15,21.25,19.95,20.64,20.9965,0.9507,103059,139,196856,N (Jul 2023),21.6,22.35,21.5,21.91,22.2087,0.5614,59519.0,38.0,82130.0,278986.0,-2263.0,19.207500000000003,20.1862,True,True,True,81693.2,1.2615370679566966,85.71428571428571,False,False,0.0,0.0,3,YELLOW
576,2023-05-25,M (Jun 2023),20.54,20.95,20.17,20.48,20.4261,-0.5704,74940,0,188019,N (Jul 2023),21.85,22.15,21.6,21.85,21.811,-0.3977,41821.0,620.0,83179.0,271198.0,-7788.0,19.2665,20.078799999999998,True,True,True,79539.4,0.9421745700872776,43.25396825396825,False,False,0.0,0.0,3,YELLOW
577,2023-05-26,M (Jun 2023),20.45,20.6,18.95,19.4,19.5822,-0.8439,88680,939,183560,N (Jul 2023),21.8,21.95,20.72,20.92,21.0499,-0.7611,51443.0,1138.0,87678.0,271238.0,40.0,19.314,20.002200000000002,False,True,True,79256.74,1.118895377225962,70.63492063492063,False,False,0.0,0.0,2,YELLOW
578,2023-05-30,M (Jun 2023),19.25,19.75,18.65,18.94,18.967,-0.6152,91171,600,182815,N (Jul 2023),20.75,21.15,20.3,20.59,20.6501,-0.3998,55599.0,0.0,86902.0,269717.0,-1521.0,19.3285,19.865,False,True,False,79183.36,1.1513908982897416,73.80952380952381,False,False,0.0,0.0,1,GREEN
579,2023-05-31,M (Jun 2023),18.95,19.55,18.68,18.91,18.8651,-0.1019,71599,0,175261,N (Jul 2023),20.65,21.0,20.25,20.45,20.446,-0.2041,49003.0,0.0,92546.0,267807.0,-1910.0,19.307,19.7598,False,False,False,79296.9,0.9029230650882948,33.730158730158735,False,False,0.0,0.0,0,GREEN
580,2023-06-01,M (Jun 2023),18.9,19.05,17.65,17.69,17.7047,-1.1604,91380,147,173759,N (Jul 2023),20.4,20.55,19.3,19.36,19.393,-1.053,70036.0,760.0,97700.0,271459.0,3652.0,19.171,19.6848,False,False,False,79770.9,1.145530513006623,74.20634920634922,False,False,0.0,0.0,0,GREEN
581,2023-06-02,M (Jun 2023),17.7,17.76,16.7,17.05,16.9463,-0.7584,104054,0,176062,N (Jul 2023),19.35,19.5,18.47,18.85,18.7589,-0.6341,75735.0,1100.0,108728.0,284790.0,13331.0,18.9635,19.6018,False,False,False,81836.66,1.2714839535240074,85.71428571428571,False,False,0.0,0.0,0,GREEN
582,2023-06-05,M (Jun 2023),17.0,17.15,16.48,16.53,16.5014,-0.4449,70299,142,172160,N (Jul 2023),18.9,19.0,18.3,18.37,18.3393,-0.4196,58163.0,0.0,116609.0,288769.0,3979.0,18.82,19.453799999999998,False,False,False,80584.22,0.8723668231820075,31.349206349206348,False,False,0.0,0.0,0,GREEN
583,2023-06-06,M (Jun 2023),16.55,16.65,15.4,15.45,15.4181,-1.0833,74505,0,170086,N (Jul 2023),18.37,18.46,17.3,17.43,17.372,-0.9673,61813.0,0.0,120950.0,291036.0,2267.0,18.64,19.2958,False,False,False,79312.5,0.9393853427895981,40.87301587301587,False,False,0.0,0.0,0,GREEN
584,2023-06-07,M (Jun 2023),15.45,15.85,15.4,15.45,15.4509,0.0328,76620,186,164847,N (Jul 2023),17.5,17.75,17.35,17.5,17.4953,0.1233,65883.0,289.0,124616.0,289463.0,-1573.0,18.445,19.16,False,False,False,79189.9,0.9675476291799839,47.22222222222222,False,False,0.0,0.0,0,GREEN
585,2023-06-08,M (Jun 2023),15.5,15.7,14.8,15.03,15.0127,-0.4382,62891,0,163594,N (Jul 2023),17.51,17.7,16.9,17.07,17.0487,-0.4466,49660.0,242.0,132519.0,296113.0,6650.0,18.2515,19.026600000000002,False,False,False,78844.88,0.7976548382088983,20.634920634920633,False,False,0.0,0.0,0,GREEN
586,2023-06-09,M (Jun 2023),15.1,15.52,14.93,15.2,15.2378,0.2251,67056,312,157631,N (Jul 2023),17.07,17.35,16.9,17.08,17.1289,0.0802,62930.0,714.0,142761.0,300392.0,4279.0,18.081,18.9128,False,False,False,78822.36,0.8507230689362765,25.396825396825395,False,False,0.0,0.0,0,GREEN
587,2023-06-12,M (Jun 2023),15.25,15.7,15.08,15.5,15.5628,0.325,78315,0,154073,N (Jul 2023),17.15,17.4,16.96,17.05,17.1041,-0.0248,69163.0,252.0,154368.0,308441.0,8049.0,17.926000000000002,18.8038,False,False,False,78878.48,0.9928563532157314,51.19047619047619,False,False,0.0,0.0,0,GREEN
588,2023-06-13,M (Jun 2023),15.45,15.55,15.11,15.27,15.3191,-0.2437,78050,95,143295,N (Jul 2023),17.1,17.2,16.8,17.11,17.1144,0.0103,82907.0,0.0,164939.0,308234.0,-207.0,17.802,18.694200000000002,False,False,False,78970.46,0.9883442492293953,50.79365079365079,False,False,0.0,0.0,0,GREEN
589,2023-06-14,M (Jun 2023),15.3,15.4,14.68,14.7,14.778,-0.5411,88980,161,130075,N (Jul 2023),17.1,17.2,16.55,16.6,16.6008,-0.5136,94230.0,767.0,185300.0,315375.0,7141.0,17.627,18.582,False,False,False,79366.88,1.1211225639712685,71.03174603174604,False,False,0.0,0.0,0,GREEN
590,2023-06-15,M (Jun 2023),14.7,15.2,14.55,15.05,15.103,0.325,83615,0,109438,N (Jul 2023),16.6,17.15,16.43,17.08,17.0878,0.487,98447.0,64.0,193120.0,302558.0,-12817.0,17.4995,18.471,False,False,False,79380.76,1.0533408851212813,60.71428571428571,False,False,0.0,0.0,0,GREEN
591,2023-06-16,M (Jun 2023),15.1,15.21,14.3,14.34,14.3454,-0.7576,86925,0,90572,N (Jul 2023),17.05,17.25,16.45,16.53,16.4772,-0.6106,99245.0,0.0,209038.0,299610.0,-2948.0,17.258999999999997,18.347,False,False,False,79888.06,1.0880850029403644,68.25396825396825,False,False,0.0,0.0,0,GREEN
592,2023-06-20,M (Jun 2023),14.35,14.7,13.95,13.96,14.0254,-0.32,94942,0,65716,N (Jul 2023),16.51,16.95,16.46,16.5,16.5246,0.0474,117360.0,1765.0,219541.0,285257.0,-14353.0,16.967000000000002,18.2252,False,False,False,80536.26,1.178872721430074,78.57142857142857,False,False,0.0,0.0,0,GREEN
593,2023-06-21,M (Jun 2023),14.05,14.05,13.55,13.65,13.44,-0.5854,1686,0,64336,N (Jul 2023),16.53,16.61,16.1,16.2,16.179,-0.3456,89810.0,654.0,210771.0,275107.0,-10150.0,16.666999999999998,18.1016,False,False,False,79412.32,0.021230962651638936,4.365079365079365,False,False,0.0,0.0,0,GREEN
594,2023-06-22,N (Jul 2023),16.2,16.5,15.65,15.79,15.7789,-0.4001,70457,225,207498,Q (Aug 2023),17.56,17.77,17.2,17.31,17.3498,-0.152,47223.0,0.0,80259.0,287757.0,,16.451500000000003,18.0214,False,False,False,79695.36,0.8840790731104045,30.555555555555557,False,False,0.0,0.0,0,GREEN
595,2023-06-23,N (Jul 2023),15.75,16.4,15.75,16.0,15.9547,0.1758,82203,0,202865,Q (Aug 2023),17.29,17.77,17.28,17.55,17.569,0.2192,54355.0,0.0,83279.0,286144.0,-1613.0,16.2195,17.9408,False,False,False,79717.24,1.031182213533735,58.333333333333336,False,False,0.0,0.0,0,GREEN
596,2023-06-26,N (Jul 2023),16.0,16.25,15.6,16.01,15.9957,0.041,86144,0,197787,Q (Aug 2023),17.6,17.75,17.1,17.37,17.3156,-0.2534,61068.0,371.0,88613.0,286400.0,256.0,15.996,17.8836,False,False,True,79921.56,1.077856838630277,67.46031746031747,False,False,0.0,0.0,1,GREEN
597,2023-06-27,N (Jul 2023),16.03,16.05,15.2,15.6,15.5616,-0.4341,70433,0,192710,Q (Aug 2023),17.37,17.4,16.65,16.86,16.8875,-0.4281,46296.0,0.0,92079.0,284789.0,-1611.0,15.806000000000001,17.831599999999998,False,False,False,79937.46,0.8811013009420113,30.555555555555557,False,False,0.0,0.0,0,GREEN
598,2023-06-28,N (Jul 2023),15.6,15.7,14.95,15.11,14.9918,-0.5698,72202,720,192219,Q (Aug 2023),16.9,17.0,16.3,16.4,16.3695,-0.518,50028.0,184.0,97633.0,289852.0,5063.0,15.614499999999998,17.7838,False,False,False,80079.06,0.901633960238794,35.317460317460316,False,False,0.0,0.0,0,GREEN
599,2023-06-29,N (Jul 2023),15.05,15.45,14.9,15.23,15.3281,0.3363,79876,0,186584,Q (Aug 2023),16.41,16.7,16.3,16.61,16.692,0.3225,54671.0,0.0,102722.0,289306.0,-546.0,15.4305,17.7474,False,False,False,80670.04,0.9901569405444699,52.38095238095239,False,False,0.0,0.0,0,GREEN
600,2023-06-30,N (Jul 2023),15.25,15.3,14.85,15.05,15.011,-0.3171,60661,0,184692,Q (Aug 2023),16.62,16.65,16.25,16.43,16.4003,-0.2917,50153.0,0.0,108358.0,293050.0,3744.0,15.2985,17.7014,False,False,False,81856.54,0.7410647945784173,15.079365079365079,False,False,0.0,0.0,0,GREEN
601,2023-07-03,N (Jul 2023),15.05,15.21,14.85,14.94,14.8946,-0.1164,46529,64,178380,Q (Aug 2023),16.4,16.43,16.2,16.35,16.3515,-0.0488,34955.0,176.0,113863.0,292243.0,-807.0,15.193000000000001,17.6036,False,False,False,81440.64,0.5713240956849062,5.555555555555555,False,False,0.0,0.0,0,GREEN
602,2023-07-05,N (Jul 2023),14.88,15.35,14.85,15.29,15.2825,0.3879,73477,250,172019,Q (Aug 2023),16.34,16.6,16.3,16.5,16.4596,0.1081,55848.0,225.0,122714.0,294733.0,2490.0,15.131,17.5204,False,False,True,81373.04,0.9029649131948371,38.492063492063494,False,False,0.0,0.0,1,GREEN
603,2023-07-06,N (Jul 2023),15.26,17.95,15.25,16.25,16.1652,0.8827,191255,1315,149204,Q (Aug 2023),16.48,18.56,16.48,17.29,17.2288,0.7692,119859.0,0.0,125311.0,274515.0,-20218.0,15.171000000000001,17.4594,False,True,True,84012.66,2.276502136701778,99.20634920634922,True,True,1.0,1.0,4,ORANGE
604,2023-07-07,N (Jul 2023),16.3,16.7,15.5,15.86,15.8619,-0.3033,116308,0,140333,Q (Aug 2023),17.3,17.56,16.6,16.89,16.8278,-0.401,96732.0,120.0,128986.0,269319.0,-5196.0,15.1915,17.363599999999998,False,True,True,83854.46,1.3870222287520544,92.06349206349206,False,True,2.0,2.0,4,ORANGE
605,2023-07-10,N (Jul 2023),15.9,16.4,15.6,15.76,15.7747,-0.0872,89790,777,128288,Q (Aug 2023),16.9,17.3,16.65,16.75,16.6988,-0.129,75556.0,1092.0,140353.0,268641.0,-678.0,15.227999999999998,17.2728,False,True,True,83443.22,1.0760610628400966,73.01587301587301,False,False,2.0,2.0,3,YELLOW
606,2023-07-11,N (Jul 2023),15.77,15.83,15.2,15.45,15.5525,-0.2222,99026,0,114621,Q (Aug 2023),16.72,16.85,16.3,16.55,16.5759,-0.1229,82164.0,0.0,153304.0,267925.0,-716.0,15.2405,17.1958,False,True,True,83760.84,1.1822469784209424,81.74603174603175,False,False,2.0,2.0,3,YELLOW
607,2023-07-12,N (Jul 2023),15.41,15.7,14.25,14.31,14.2934,-1.2591,114150,294,107742,Q (Aug 2023),16.54,16.75,15.71,15.78,15.7668,-0.8091,94759.0,489.0,169720.0,277462.0,9537.0,15.181000000000001,17.113,False,False,False,84278.42,1.3544392502849485,90.47619047619048,False,True,3.0,3.0,3,YELLOW
608,2023-07-13,N (Jul 2023),14.3,14.31,13.9,14.19,14.1923,-0.1011,91446,163,93950,Q (Aug 2023),15.8,15.95,15.35,15.91,15.9364,0.1696,98072.0,614.0,182595.0,276545.0,-917.0,15.127,17.0238,False,False,False,84313.88,1.08459010544883,74.20634920634922,False,False,2.0,3.0,2,YELLOW
609,2023-07-14,N (Jul 2023),14.19,14.4,13.75,13.77,13.8048,-0.3875,76981,0,80619,Q (Aug 2023),15.9,16.15,15.65,15.75,15.7526,-0.1838,86271.0,0.0,193728.0,274347.0,-2198.0,15.0805,16.9124,False,False,False,82701.66,0.9308277488021401,46.42857142857143,False,False,1.0,3.0,1,GREEN
610,2023-07-17,N (Jul 2023),13.75,14.0,13.55,13.65,13.699,-0.1058,68206,0,67440,Q (Aug 2023),15.75,15.9,15.4,15.8,15.7475,-0.0051,80506.0,0.0,201361.0,268801.0,-5546.0,15.010499999999999,16.7772,False,False,False,82052.84,0.8312448417385675,25.396825396825395,False,False,1.0,3.0,1,GREEN
611,2023-07-18,N (Jul 2023),13.65,13.9,13.25,13.25,13.3001,-0.3989,71954,28,52183,Q (Aug 2023),15.75,15.85,15.4,15.53,15.5365,-0.211,90953.0,506.0,214730.0,266913.0,-1888.0,14.956,16.618199999999998,False,False,False,80267.3,0.8964298039176601,32.93650793650794,False,False,1.0,3.0,1,GREEN
612,2023-07-19,N (Jul 2023),13.3,13.3,13.03,13.05,13.02,-0.2801,1212,0,51467,Q (Aug 2023),15.55,15.95,15.3,15.86,15.905,0.3685,92123.0,568.0,210789.0,262256.0,-4657.0,14.910499999999999,16.491200000000003,False,False,False,78362.0,0.015466680278706516,1.984126984126984,False,False,0.0,3.0,1,GREEN
613,2023-07-20,Q (Aug 2023),15.86,16.12,15.6,15.8,15.846,-0.059,82850,0,203008,U (Sep 2023),17.33,17.57,17.15,17.27,17.2747,-0.0721,46374.0,0.0,85719.0,288727.0,,15.018,16.426199999999998,False,True,True,78786.5,1.0515760948893529,57.936507936507944,False,False,0.0,2.0,2,YELLOW
614,2023-07-21,Q (Aug 2023),15.8,15.85,15.3,15.7,15.611,-0.235,76138,0,196657,U (Sep 2023),17.3,17.3,16.8,17.07,17.0242,-0.2505,56542.0,0.0,87082.0,283739.0,-4988.0,15.013499999999999,16.3532,False,False,True,78933.66,0.9645821567123581,43.25396825396825,False,False,0.0,1.0,1,GREEN
615,2023-07-24,Q (Aug 2023),15.7,15.74,15.2,15.4,15.3804,-0.2306,68029,381,196728,U (Sep 2023),17.1,17.12,16.6,16.67,16.6594,-0.3648,48792.0,67.0,95764.0,292492.0,8753.0,14.983500000000001,16.2832,False,False,True,78010.94,0.8720443568555897,23.809523809523807,False,False,0.0,1.0,1,GREEN
616,2023-07-25,Q (Aug 2023),15.4,15.45,15.0,15.25,15.3462,-0.0342,67883,150,192879,U (Sep 2023),16.67,16.8,16.4,16.72,16.7516,0.0922,45681.0,0.0,95761.0,288640.0,-3852.0,14.945500000000001,16.216,False,False,True,77644.94,0.8742746146754702,23.809523809523807,False,False,0.0,1.0,1,GREEN
617,2023-07-26,Q (Aug 2023),15.28,15.57,14.8,14.91,14.8878,-0.4584,87448,96,190019,U (Sep 2023),16.71,16.92,16.3,16.42,16.3968,-0.3548,60299.0,0.0,100028.0,290047.0,1407.0,14.910999999999998,16.1422,False,False,False,77830.98,1.1235628794600814,68.65079365079364,False,False,0.0,0.0,0,GREEN
618,2023-07-27,Q (Aug 2023),14.9,16.1,14.5,15.61,15.6879,0.8001,140141,110,183797,U (Sep 2023),16.43,17.35,16.12,16.87,16.9633,0.5665,77010.0,0.0,104114.0,287911.0,-2136.0,14.936000000000002,16.0994,False,True,True,79177.36,1.7699630298358016,96.82539682539682,False,True,1.0,1.0,3,YELLOW
619,2023-07-28,Q (Aug 2023),15.65,15.75,14.85,15.1,14.9886,-0.6993,94728,0,176455,U (Sep 2023),16.92,16.96,16.3,16.65,16.5351,-0.4282,67942.0,0.0,106920.0,283375.0,-4536.0,14.9295,16.0374,False,False,True,79862.06,1.1861452108798596,76.19047619047619,False,False,1.0,1.0,1,GREEN
620,2023-07-31,Q (Aug 2023),15.05,15.2,14.78,14.89,14.8634,-0.1252,69699,623,169039,U (Sep 2023),16.58,16.65,16.28,16.36,16.3393,-0.1958,55354.0,415.0,111813.0,280852.0,-2523.0,14.9215,15.9832,False,False,False,81213.8,0.8582162144857155,28.57142857142857,False,False,1.0,1.0,0,GREEN
621,2023-08-01,Q (Aug 2023),14.88,15.45,14.8,15.19,15.0724,0.209,77219,167,164161,U (Sep 2023),16.38,16.85,16.35,16.65,16.5652,0.2259,58890.0,0.0,117664.0,281825.0,973.0,14.934000000000001,15.903999999999998,False,True,True,81336.32,0.949379071981619,47.61904761904761,False,False,1.0,1.0,2,YELLOW
622,2023-08-02,Q (Aug 2023),15.5,17.2,15.35,16.84,16.7022,1.6298,184715,360,148624,U (Sep 2023),16.75,18.21,16.71,17.86,17.7566,1.1914,109716.0,0.0,119411.0,268035.0,-13790.0,15.011499999999998,15.8448,True,True,True,83107.86,2.2225936271250397,98.80952380952381,True,True,2.0,2.0,6,RED
623,2023-08-03,Q (Aug 2023),16.85,17.75,16.35,16.6,16.7483,0.0461,142012,553,134525,U (Sep 2023),17.88,18.57,17.4,17.65,17.6502,-0.1064,86513.0,676.0,124345.0,258870.0,-9165.0,15.029,15.783800000000001,True,True,True,84460.44,1.6814025595888442,96.42857142857143,False,True,2.0,3.0,6,RED
624,2023-08-04,Q (Aug 2023),16.75,17.6,15.65,17.35,17.5076,0.7593,140503,0,128871,U (Sep 2023),17.65,18.35,16.82,18.06,18.1354,0.4852,99206.0,440.0,129976.0,258847.0,-23.0,15.103500000000002,15.728800000000001,True,True,True,85648.84,1.6404542081363858,96.03174603174604,False,True,3.0,4.0,6,RED
625,2023-08-07,Q (Aug 2023),17.35,17.45,16.2,16.2,16.2943,-1.2133,106140,0,118042,U (Sep 2023),18.05,18.1,17.25,17.3,17.4,-0.7354,76382.0,0.0,134837.0,252879.0,-5968.0,15.125500000000002,15.64,True,True,True,85710.46,1.2383552719236368,84.52380952380952,False,False,3.0,4.0,5,ORANGE
626,2023-08-08,Q (Aug 2023),16.25,18.55,16.2,16.53,16.4955,0.2012,174613,216,101339,U (Sep 2023),17.3,19.15,17.28,17.71,17.7233,0.3233,122450.0,435.0,140518.0,241857.0,-11022.0,15.179499999999999,15.561000000000002,True,True,True,87703.92,1.9909372351885755,98.01587301587301,True,True,4.0,5.0,7,RED
627,2023-08-09,Q (Aug 2023),16.5,17.2,15.85,16.31,16.3469,-0.1486,141708,0,89470,U (Sep 2023),17.71,18.26,17.2,17.57,17.5875,-0.1358,109444.0,676.0,153730.0,243200.0,1343.0,15.279499999999999,15.4992,True,True,True,88764.48,1.5964493905670376,95.63492063492063,False,True,4.0,6.0,6,RED
628,2023-08-10,Q (Aug 2023),16.3,16.95,15.1,16.09,16.0072,-0.3397,185182,184,76033,U (Sep 2023),17.62,18.15,16.65,17.66,17.6997,0.1122,131846.0,343.0,166436.0,242469.0,-731.0,15.374500000000001,15.4422,True,True,True,90644.7,2.0429434925594108,98.80952380952381,True,True,4.0,6.0,7,RED
629,2023-08-11,Q (Aug 2023),16.05,16.68,15.25,15.3,15.3536,-0.6536,108854,451,70704,U (Sep 2023),17.65,18.15,16.95,17.06,17.0503,-0.6494,97952.0,120.0,176837.0,247541.0,5072.0,15.450999999999999,15.37,False,True,False,91389.8,1.1910957240304716,85.71428571428571,False,False,3.0,6.0,3,YELLOW
630,2023-08-14,Q (Aug 2023),15.35,15.9,14.8,14.83,14.8456,-0.508,87186,1616,60667,U (Sep 2023),17.0,17.6,16.7,16.76,16.7773,-0.273,89261.0,508.0,190620.0,251287.0,3746.0,15.510000000000002,15.3128,False,True,False,91305.92,0.9548778436272259,64.68253968253968,False,False,3.0,6.0,3,YELLOW
631,2023-08-15,Q (Aug 2023),14.9,16.55,14.6,16.22,16.1726,1.327,110296,14,33330,U (Sep 2023),16.8,17.9,16.55,17.82,17.696,0.9187,144122.0,267.0,202050.0,235380.0,-15907.0,15.6585,15.2962,True,True,True,91430.76,1.2063336233888902,85.71428571428571,False,False,2.0,6.0,5,ORANGE
632,2023-08-16,Q (Aug 2023),16.25,16.6,15.95,16.6,16.28,0.1074,1678,0,32525,U (Sep 2023),17.8,18.05,17.15,17.96,18.0118,0.3158,114878.0,0.0,202874.0,235399.0,19.0,15.836000000000002,15.2976,True,True,True,90058.34,0.018632366530406844,4.365079365079365,False,False,1.0,5.0,4,ORANGE
633,2023-08-17,U (Sep 2023),18.0,18.95,17.6,18.9,18.8548,0.843,126664,0,197902,V (Oct 2023),18.55,19.3,18.25,19.22,19.2015,0.6554,47154.0,0.0,63857.0,261759.0,,15.991,15.3666,True,True,True,91101.52,1.3903609950745057,92.06349206349206,False,True,1.0,5.0,5,ORANGE
634,2023-08-18,U (Sep 2023),18.85,19.55,18.2,18.5,18.4487,-0.4061,135240,450,189340,V (Oct 2023),19.2,19.8,18.7,18.98,18.925,-0.2765,56016.0,0.0,66118.0,255458.0,-6301.0,16.131,15.4276,True,True,True,92273.92,1.46563622744108,92.85714285714286,False,True,2.0,5.0,6,RED
635,2023-08-21,U (Sep 2023),18.44,18.55,17.75,18.0,17.8493,-0.5994,85829,2320,184937,V (Oct 2023),18.95,19.03,18.4,18.61,18.5019,-0.4231,39018.0,331.0,67003.0,251940.0,-3518.0,16.261,15.487,True,True,True,92732.68,0.925552890307926,61.111111111111114,False,False,2.0,5.0,5,ORANGE
636,2023-08-22,U (Sep 2023),17.96,18.26,17.37,17.91,17.901,0.0517,76094,0,178905,V (Oct 2023),18.62,18.88,18.12,18.66,18.6903,0.1884,39628.0,0.0,67972.0,246877.0,-5063.0,16.394,15.541200000000002,True,True,True,92913.44,0.8189773191047495,41.269841269841265,False,False,2.0,4.0,5,ORANGE
637,2023-08-23,U (Sep 2023),17.9,17.92,16.9,16.95,17.2933,-0.6077,73309,0,180681,V (Oct 2023),18.66,18.7,17.9,17.9,18.1989,-0.4914,42687.0,0.0,70737.0,251418.0,4541.0,16.496000000000002,15.5702,True,True,True,92813.32,0.7898543010852321,34.92063492063492,False,False,2.0,3.0,5,ORANGE
638,2023-08-24,U (Sep 2023),16.9,18.15,16.8,18.1,18.0102,0.7169,90320,0,176578,V (Oct 2023),17.92,18.9,17.8,18.88,18.7774,0.5785,40320.0,0.0,72248.0,248826.0,-2592.0,16.6205,15.626799999999998,True,True,True,93058.72,0.9705699799008626,69.04761904761905,False,False,1.0,2.0,3,YELLOW
639,2023-08-25,U (Sep 2023),18.1,18.3,16.95,17.3,17.1776,-0.8326,103029,180,175084,V (Oct 2023),18.8,18.97,17.95,18.2,18.0894,-0.688,50022.0,0.0,76431.0,251515.0,2689.0,16.7305,15.6788,True,True,True,93339.7,1.1038068474614768,79.36507936507937,False,False,0.0,2.0,3,YELLOW
640,2023-08-28,U (Sep 2023),17.15,17.22,16.4,16.45,16.4326,-0.745,80656,950,175942,V (Oct 2023),18.12,18.15,17.45,17.52,17.5005,-0.5889,44163.0,0.0,80963.0,256905.0,5390.0,16.8085,15.706799999999998,True,True,False,93280.52,0.8646607030063725,50.39682539682539,False,False,0.0,2.0,2,YELLOW
641,2023-08-29,U (Sep 2023),16.42,16.6,15.76,15.89,15.9027,-0.5299,91657,389,181322,V (Oct 2023),17.5,17.64,17.01,17.16,17.1967,-0.3038,56598.0,197.0,84752.0,266074.0,9169.0,16.8435,15.7378,True,True,False,93375.16,0.9815993889595477,70.63492063492063,False,False,0.0,2.0,2,YELLOW
642,2023-08-30,U (Sep 2023),15.9,16.05,15.25,15.32,15.3029,-0.5998,78615,160,177526,V (Oct 2023),17.15,17.27,16.65,16.7,16.7006,-0.4961,46166.0,206.0,86580.0,264106.0,-1968.0,16.767500000000002,15.765,False,False,False,93048.62,0.8448808805547036,48.80952380952381,False,False,0.0,2.0,0,GREEN
643,2023-08-31,U (Sep 2023),15.28,15.41,14.93,15.0,15.0438,-0.2591,80188,612,177857,V (Oct 2023),16.6,16.78,16.33,16.37,16.3736,-0.327,55589.0,518.0,93259.0,271116.0,7010.0,16.6875,15.792,False,False,False,94618.66,0.8474861089768128,50.79365079365079,False,False,0.0,1.0,0,GREEN
644,2023-09-01,U (Sep 2023),15.02,15.05,14.6,14.8,14.7971,-0.2467,73796,205,173594,V (Oct 2023),16.37,16.4,16.05,16.24,16.2094,-0.1642,55765.0,205.0,100994.0,274588.0,3472.0,16.56,15.7722,False,False,False,94685.44,0.7793806524002,36.507936507936506,False,False,0.0,0.0,0,GREEN
645,2023-09-05,U (Sep 2023),14.8,15.25,14.6,15.15,14.9927,0.1956,75191,0,168193,V (Oct 2023),16.2,16.45,16.0,16.35,16.1975,-0.0119,59130.0,0.0,107567.0,275760.0,1172.0,16.5075,15.755200000000002,False,False,False,94545.2,0.7952915642465191,39.682539682539684,False,False,0.0,0.0,0,GREEN
646,2023-09-06,U (Sep 2023),15.15,15.8,15.0,15.3,15.3467,0.354,95027,0,161903,V (Oct 2023),16.3,16.8,16.2,16.43,16.4978,0.3003,63370.0,0.0,111081.0,272984.0,-2776.0,16.446,15.741,False,False,False,94722.86,1.003210840551056,75.39682539682539,False,False,0.0,0.0,0,GREEN
647,2023-09-07,U (Sep 2023),15.3,16.21,15.2,15.28,15.3022,-0.0445,89358,0,153613,V (Oct 2023),16.42,17.1,16.34,16.45,16.439,-0.0588,61830.0,30.0,116305.0,269918.0,-3066.0,16.3945,15.7346,False,False,False,95101.36,0.9396080140178857,68.25396825396825,False,False,0.0,0.0,0,GREEN
648,2023-09-08,U (Sep 2023),15.25,15.7,14.65,14.89,14.9405,-0.3617,94162,317,150723,V (Oct 2023),16.42,16.7,15.9,16.11,16.1484,-0.2906,60416.0,585.0,121662.0,272385.0,2467.0,16.3345,15.7302,False,False,False,95540.56,0.9855709449473606,74.20634920634922,False,False,0.0,0.0,0,GREEN
649,2023-09-11,U (Sep 2023),14.85,14.9,14.4,14.62,14.5844,-0.3561,93132,117,142084,V (Oct 2023),16.1,16.11,15.7,15.87,15.8099,-0.3385,67190.0,286.0,134811.0,276895.0,4510.0,16.300500000000003,15.718,False,False,False,95805.68,0.9720926775948984,73.01587301587301,False,False,0.0,0.0,0,GREEN
650,2023-09-12,U (Sep 2023),14.62,14.85,14.25,14.6,14.6385,0.0541,85738,859,128389,V (Oct 2023),15.87,16.0,15.6,15.8,15.8595,0.0496,69942.0,453.0,147789.0,276178.0,-717.0,16.288999999999998,15.709000000000001,False,False,False,96307.22,0.890255164669897,61.50793650793651,False,False,0.0,0.0,0,GREEN
651,2023-09-13,U (Sep 2023),14.6,14.95,13.9,13.95,13.9985,-0.64,101662,189,116005,V (Oct 2023),15.85,16.1,15.52,15.61,15.665,-0.1945,86034.0,0.0,165582.0,281587.0,5409.0,16.1755,15.689200000000001,False,False,False,97409.88,1.0436518349062744,80.15873015873017,False,False,0.0,0.0,0,GREEN
652,2023-09-14,U (Sep 2023),13.95,13.96,13.3,13.37,13.3689,-0.6296,83007,720,106590,V (Oct 2023),15.65,15.65,15.15,15.25,15.2378,-0.4272,89853.0,1692.0,182042.0,288632.0,7045.0,16.014,15.650800000000002,False,False,False,97600.48,0.8504773747014359,56.34920634920635,False,False,0.0,0.0,0,GREEN
653,2023-09-15,U (Sep 2023),13.35,14.4,13.25,14.15,14.2528,0.8839,93259,24,91451,V (Oct 2023),15.2,15.85,15.07,15.74,15.7721,0.5343,101593.0,173.0,186207.0,277658.0,-10974.0,15.776500000000002,15.6088,False,False,False,95640.56,0.9750988492748265,73.4126984126984,False,False,0.0,0.0,0,GREEN
654,2023-09-18,U (Sep 2023),14.15,14.63,13.85,14.03,14.0971,-0.1557,70305,0,78843,V (Oct 2023),15.7,16.08,15.4,15.61,15.6816,-0.0905,85978.0,0.0,195948.0,274791.0,-2867.0,15.553,15.5722,False,False,False,94720.5,0.7422363691070043,27.77777777777778,False,False,0.0,0.0,0,GREEN
655,2023-09-19,U (Sep 2023),13.99,14.75,13.8,14.1,14.0519,-0.0452,77624,54,59594,V (Oct 2023),15.58,16.05,15.38,15.58,15.5728,-0.1088,100550.0,1260.0,204092.0,263686.0,-11105.0,15.358,15.539000000000001,False,False,False,94477.18,0.8216163945621578,45.23809523809524,False,False,0.0,0.0,0,GREEN
656,2023-09-20,U (Sep 2023),14.16,14.25,13.8,13.86,13.96,-0.0919,2293,0,57809,V (Oct 2023),15.6,16.3,15.2,16.21,16.1696,0.5968,103164.0,0.0,198304.0,256113.0,-7573.0,15.155499999999998,15.507200000000001,False,False,False,92542.52,0.024777799437491,5.158730158730158,False,False,0.0,0.0,0,GREEN
657,2023-09-21,V (Oct 2023),16.25,17.65,16.15,17.65,17.4859,1.3163,165459,0,197291,X (Nov 2023),16.95,17.9,16.87,17.9,17.7975,0.9322,77472.0,0.0,70675.0,267966.0,,15.1905,15.574000000000002,True,True,True,93568.7,1.7683156867627743,96.82539682539682,False,True,1.0,1.0,4,ORANGE
658,2023-09-22,V (Oct 2023),17.55,17.7,16.8,17.5,17.4916,0.0057,119328,0,185838,X (Nov 2023),17.89,17.95,17.4,17.85,17.8893,0.0918,64425.0,0.0,72075.0,257913.0,-10053.0,15.160500000000003,15.6402,True,False,True,94126.34,1.267742908095651,90.07936507936508,False,True,2.0,2.0,4,ORANGE
659,2023-09-25,V (Oct 2023),17.5,18.21,17.15,17.31,17.4974,0.0058,113373,230,181046,X (Nov 2023),17.9,18.45,17.58,17.85,17.9872,0.0979,58454.0,0.0,76035.0,257081.0,-832.0,15.161000000000001,15.710999999999999,True,True,True,94854.18,1.19523462223805,86.90476190476191,False,False,2.0,2.0,4,ORANGE
660,2023-09-26,V (Oct 2023),17.3,19.3,17.25,18.98,19.1742,1.6768,152290,0,175451,X (Nov 2023),17.85,19.35,17.75,19.1,19.2555,1.2683,70981.0,296.0,82612.0,258063.0,982.0,15.287499999999998,15.8176,True,True,True,96535.86,1.5775484881991002,95.63492063492063,False,True,3.0,3.0,6,RED
661,2023-09-27,V (Oct 2023),18.95,19.5,18.2,18.28,18.3022,-0.872,160182,0,161354,X (Nov 2023),19.14,19.65,18.63,18.72,18.75,-0.5055,74808.0,0.0,83214.0,244568.0,-13495.0,15.407,15.918199999999999,True,True,True,98300.42,1.6295149094988608,96.42857142857143,False,True,4.0,4.0,6,RED
662,2023-09-28,V (Oct 2023),18.25,18.55,17.2,17.25,17.3515,-0.9507,141961,455,147790,X (Nov 2023),18.73,18.95,17.85,17.95,18.0194,-0.7306,65992.0,195.0,82633.0,230423.0,-14145.0,15.503499999999999,16.0022,True,True,True,101115.4,1.4039503379307208,94.44444444444444,False,True,4.0,5.0,6,RED
663,2023-09-29,V (Oct 2023),17.25,17.85,16.5,17.59,17.7712,0.4197,140735,0,147897,X (Nov 2023),17.91,18.3,17.3,18.12,18.2463,0.2269,82065.0,207.0,84004.0,231901.0,1478.0,15.633,16.038,True,True,True,102273.1,1.3760705405429188,93.65079365079364,False,True,4.0,6.0,6,RED
664,2023-10-02,V (Oct 2023),17.1,18.3,17.0,17.81,17.8507,0.0795,112370,0,143625,X (Nov 2023),17.85,18.6,17.68,18.18,18.238,-0.0083,60460.0,0.0,88845.0,232470.0,569.0,15.783499999999998,16.0802,True,True,True,102997.74,1.0909948121191786,86.11111111111111,False,False,4.0,6.0,5,ORANGE
665,2023-10-03,V (Oct 2023),17.85,20.05,17.55,19.7,19.6564,1.8057,160035,575,137978,X (Nov 2023),18.17,20.0,17.95,19.78,19.7982,1.5602,99248.0,65.0,98444.0,236422.0,3952.0,16.011000000000003,16.1662,True,True,True,104837.86,1.5265000640035957,96.03174603174604,False,True,4.0,7.0,6,RED
666,2023-10-04,V (Oct 2023),19.75,20.35,18.4,18.75,18.5177,-1.1387,158232,16,121244,X (Nov 2023),19.9,20.35,18.85,19.09,18.9066,-0.8916,88042.0,170.0,98698.0,219942.0,-16480.0,16.1835,16.2362,True,True,True,106644.84,1.4837286079664052,95.63492063492063,False,True,4.0,8.0,6,RED
667,2023-10-05,V (Oct 2023),18.75,19.5,18.15,18.4,18.1998,-0.3179,123386,0,113795,X (Nov 2023),19.05,19.65,18.7,18.85,18.7461,-0.1605,76065.0,1720.0,101933.0,215728.0,-4214.0,16.3395,16.305999999999997,True,True,True,107363.6,1.149234936235372,88.4920634920635,False,False,3.0,7.0,5,ORANGE
668,2023-10-06,V (Oct 2023),18.4,19.6,17.51,17.95,18.0342,-0.1656,151277,565,111895,X (Nov 2023),18.85,19.72,18.07,18.36,18.4171,-0.329,91623.0,170.0,104701.0,216596.0,868.0,16.4925,16.3528,True,True,True,107586.32,1.4060988423063452,94.04761904761905,False,True,3.0,7.0,6,RED
669,2023-10-09,V (Oct 2023),18.65,19.6,17.6,17.75,17.6467,-0.3875,120001,0,100314,X (Nov 2023),19.05,19.7,18.2,18.26,18.2263,-0.1908,71590.0,220.0,109243.0,209557.0,-7039.0,16.648999999999997,16.4058,True,True,True,108091.78,1.1101769255719538,87.6984126984127,False,False,3.0,7.0,5,ORANGE
670,2023-10-10,V (Oct 2023),17.7,17.75,16.6,17.15,16.9878,-0.6589,103023,0,91545,X (Nov 2023),18.28,18.3,17.43,17.71,17.6168,-0.6095,78417.0,210.0,119069.0,210614.0,1057.0,16.7765,16.451,True,True,True,108758.26,0.9472659823722814,78.96825396825396,False,False,2.0,6.0,5,ORANGE
671,2023-10-11,V (Oct 2023),17.06,17.75,16.35,16.38,16.5021,-0.4857,112021,42,83570,X (Nov 2023),17.7,18.2,17.15,17.22,17.3537,-0.2631,95145.0,816.0,126771.0,210341.0,-273.0,16.898000000000003,16.474800000000002,False,True,False,109454.3,1.0234499695306625,83.33333333333334,False,False,1.0,5.0,2,YELLOW
672,2023-10-12,V (Oct 2023),16.35,17.85,15.8,16.95,16.9479,0.4458,143590,151,71947,X (Nov 2023),17.25,18.4,16.8,17.7,17.7476,0.3939,127786.0,495.0,137902.0,209849.0,-492.0,17.077,16.477,True,True,False,108631.8,1.3218044808242153,93.65079365079364,False,True,2.0,5.0,5,ORANGE
673,2023-10-13,V (Oct 2023),16.97,20.2,16.63,19.35,19.2567,2.3088,185655,104,61868,X (Nov 2023),17.7,20.2,17.47,19.85,19.9214,2.1738,209366.0,3226.0,161477.0,223345.0,13496.0,17.336999999999996,16.532,True,True,True,109504.66,1.6954073004747012,98.80952380952381,False,True,2.0,5.0,6,RED
674,2023-10-16,V (Oct 2023),19.15,19.36,17.04,17.3,17.1597,-2.097,116635,0,45883,X (Nov 2023),19.8,19.9,17.89,18.06,17.978,-1.9434,164093.0,0.0,166823.0,212706.0,-10639.0,17.5005,16.531,True,True,False,109027.3,1.069777936351721,85.71428571428571,False,False,2.0,5.0,4,ORANGE
675,2023-10-17,V (Oct 2023),17.25,18.45,16.8,17.97,17.8484,0.6887,123540,0,32103,X (Nov 2023),18.05,18.8,17.65,18.6,18.4362,0.4582,136557.0,390.0,174256.0,206359.0,-6347.0,17.694,16.5664,True,True,True,109375.3,1.1295054733564158,87.3015873015873,False,False,2.0,4.0,5,ORANGE
676,2023-10-18,V (Oct 2023),18.1,18.5,17.8,18.35,18.37,0.5216,2507,0,31008,X (Nov 2023),18.6,19.9,18.55,19.36,19.5967,1.1605,166087.0,0.0,168034.0,199042.0,-7317.0,17.9185,16.6028,True,True,True,105933.18,0.023665861819686714,5.158730158730158,False,False,2.0,3.0,5,ORANGE
677,2023-10-19,X (Nov 2023),19.35,20.82,19.0,20.68,20.5549,0.9582,159949,420,164775,Z (Dec 2023),19.45,20.73,19.18,20.6,20.5479,0.9336,70530.0,0.0,89719.0,254494.0,,18.07,16.6902,True,True,True,106298.0,1.5047225723908257,95.23809523809523,False,True,2.0,4.0,6,RED
678,2023-10-20,X (Nov 2023),20.65,21.15,20.1,20.99,20.725,0.1701,140524,583,161959,Z (Dec 2023),20.55,21.0,20.22,20.91,20.6987,0.1508,67311.0,80.0,93190.0,255149.0,655.0,18.2445,16.7882,True,True,True,105404.84,1.3331835615897714,90.87301587301587,False,True,2.0,4.0,6,RED
679,2023-10-23,X (Nov 2023),20.75,21.9,19.25,19.8,20.0003,-0.7247,143591,325,158423,Z (Dec 2023),20.65,21.62,19.55,19.82,20.0471,-0.6516,79643.0,57.0,95267.0,253690.0,-1459.0,18.369,16.8782,True,True,True,106099.58,1.3533606824833802,92.85714285714286,False,True,3.0,5.0,6,RED
680,2023-10-24,X (Nov 2023),19.75,20.05,18.91,19.09,19.0875,-0.9128,106924,460,152304,Z (Dec 2023),19.85,20.05,19.13,19.27,19.2673,-0.7798,54934.0,115.0,96810.0,249114.0,-4576.0,18.3745,16.9634,True,True,True,106494.34,1.0040345806171482,78.57142857142857,False,False,3.0,5.0,5,ORANGE
681,2023-10-25,X (Nov 2023),19.12,20.85,18.9,20.23,20.3008,1.2133,138434,0,151267,Z (Dec 2023),19.27,20.65,19.12,20.31,20.3601,1.0928,70214.0,0.0,99188.0,250455.0,1341.0,18.472,17.043599999999998,True,True,True,107057.1,1.2930856524228658,89.28571428571429,False,False,3.0,5.0,5,ORANGE
682,2023-10-26,X (Nov 2023),20.3,21.17,20.0,20.44,20.5375,0.2367,131342,1475,149992,Z (Dec 2023),20.36,21.05,20.05,20.39,20.4999,0.1398,73837.0,781.0,107287.0,257279.0,6824.0,18.6315,17.1204,True,True,True,109650.38,1.197825306214169,87.6984126984127,False,False,2.0,4.0,5,ORANGE
683,2023-10-27,X (Nov 2023),20.35,21.4,19.79,21.0,21.1865,0.649,127361,0,148463,Z (Dec 2023),20.32,21.3,19.95,21.05,21.2116,0.7117,78746.0,0.0,115203.0,263666.0,6387.0,18.802,17.162399999999998,True,True,True,109664.32,1.1613713557882819,86.90476190476191,False,False,1.0,3.0,4,ORANGE
684,2023-10-30,X (Nov 2023),20.9,21.23,19.45,19.75,19.5901,-1.5964,109010,188,142627,Z (Dec 2023),20.8,21.15,19.65,19.8,19.707,-1.5046,72584.0,0.0,117815.0,260442.0,-3224.0,18.899,17.187399999999997,True,True,True,109139.72,0.9988114318050294,78.57142857142857,False,False,0.0,3.0,4,ORANGE
685,2023-10-31,X (Nov 2023),19.7,19.85,18.05,18.35,18.1268,-1.4633,121787,460,134070,Z (Dec 2023),19.8,19.9,18.55,18.72,18.6006,-1.1064,86604.0,284.0,118730.0,252800.0,-7642.0,18.8315,17.194399999999998,True,False,False,109858.88,1.1085767486433504,84.12698412698413,False,False,0.0,3.0,2,YELLOW
686,2023-11-01,X (Nov 2023),18.25,18.4,17.15,17.35,17.3005,-0.8263,128558,797,133555,Z (Dec 2023),18.78,18.84,17.75,17.9,17.8499,-0.7507,88047.0,965.0,125199.0,258754.0,5954.0,18.761499999999998,17.1832,True,False,False,110908.16,1.1591392373654021,87.3015873015873,False,False,0.0,3.0,2,YELLOW
687,2023-11-02,X (Nov 2023),17.35,17.38,16.55,16.58,16.5565,-0.744,101382,658,132750,Z (Dec 2023),17.9,17.92,17.3,17.34,17.3431,-0.5068,79412.0,1026.0,127811.0,260561.0,1807.0,18.670499999999997,17.175800000000002,False,False,False,111469.62,0.9095034144729299,71.82539682539682,False,False,0.0,2.0,0,GREEN
688,2023-11-03,X (Nov 2023),16.65,16.8,15.98,16.05,16.1519,-0.4046,89978,305,132026,Z (Dec 2023),17.36,17.5,16.85,16.88,16.9746,-0.3685,75617.0,836.0,132664.0,264690.0,4129.0,18.575499999999998,17.1348,False,False,False,111462.78,0.8072470469514577,61.904761904761905,False,False,0.0,1.0,0,GREEN
689,2023-11-06,X (Nov 2023),16.1,16.18,15.59,15.7,15.6461,-0.5058,92192,1221,121101,Z (Dec 2023),16.85,16.9,16.35,16.41,16.3841,-0.5905,92072.0,1881.0,139889.0,260990.0,-3700.0,18.473,17.1028,False,False,False,111246.04,0.8287216335970251,63.888888888888886,False,False,0.0,0.0,0,GREEN
690,2023-11-07,X (Nov 2023),15.7,15.97,15.4,15.45,15.5014,-0.1447,74193,0,113168,Z (Dec 2023),16.5,16.62,16.2,16.29,16.3245,-0.0596,73168.0,220.0,148632.0,261800.0,810.0,18.388,17.0828,False,False,False,111116.78,0.6677029337963177,32.93650793650794,False,False,0.0,0.0,0,GREEN
691,2023-11-08,X (Nov 2023),15.5,15.7,15.05,15.25,15.1093,-0.3921,79187,533,104670,Z (Dec 2023),16.3,16.55,15.95,16.08,16.046,-0.2785,87301.0,539.0,160917.0,265587.0,3787.0,18.3315,17.07,False,False,False,110867.38,0.7142497639973092,44.047619047619044,False,False,0.0,0.0,0,GREEN
692,2023-11-09,X (Nov 2023),15.23,16.06,14.86,15.85,15.8874,0.7781,93777,260,97021,Z (Dec 2023),16.07,16.8,15.77,16.57,16.6544,0.6084,110948.0,0.0,172986.0,270007.0,4420.0,18.2765,17.0806,False,False,False,111170.62,0.8435412161954301,65.87301587301587,False,False,0.0,0.0,0,GREEN
693,2023-11-10,X (Nov 2023),15.84,15.91,14.85,15.24,14.8991,-0.9883,87004,441,89199,Z (Dec 2023),16.55,16.66,15.8,16.2,15.997,-0.6574,109131.0,747.0,181653.0,270852.0,845.0,18.071,17.0854,False,False,False,111306.94,0.7816583584096374,56.34920634920635,False,False,0.0,0.0,0,GREEN
694,2023-11-13,X (Nov 2023),15.2,15.4,14.6,14.83,14.8035,-0.0956,69514,25,73339,Z (Dec 2023),16.05,16.4,15.65,15.87,15.8467,-0.1503,87578.0,225.0,189863.0,263202.0,-7650.0,17.947499999999998,17.086000000000002,False,False,False,111221.3,0.6250061813699355,23.41269841269841,False,False,0.0,0.0,0,GREEN
695,2023-11-14,X (Nov 2023),14.85,15.05,14.05,14.4,14.2701,-0.5334,96523,329,58152,Z (Dec 2023),15.9,16.0,15.15,15.7,15.7429,-0.1038,134440.0,0.0,204180.0,262332.0,-870.0,17.769,17.070999999999998,False,False,False,111647.94,0.8645300576078698,69.84126984126983,False,False,0.0,0.0,0,GREEN
696,2023-11-15,X (Nov 2023),14.19,14.35,14.05,14.21,14.22,-0.0501,1955,0,54591,Z (Dec 2023),15.65,15.66,15.3,15.38,15.3507,-0.3922,88615.0,621.0,198995.0,253586.0,-8746.0,17.562,17.0492,False,False,False,109786.5,0.01780728960300219,3.968253968253968,False,False,0.0,0.0,0,GREEN
697,2023-11-16,Z (Dec 2023),15.35,15.5,15.1,15.2,15.1459,-0.2048,86700,356,202078,F (Jan 2024),16.81,16.95,16.55,16.65,16.6024,-0.2283,50251.0,15.0,85943.0,288021.0,,17.288,17.0476,False,False,False,109733.34,0.7900971573452517,55.55555555555556,False,False,0.0,0.0,0,GREEN
698,2023-11-17,Z (Dec 2023),15.16,15.25,14.85,14.9,14.9042,-0.2417,65697,169,201903,F (Jan 2024),16.64,16.7,16.33,16.42,16.4004,-0.202,47887.0,175.0,91027.0,292930.0,4909.0,16.9835,17.0478,False,False,False,109164.04,0.6018190605624343,17.063492063492063,False,False,0.0,0.0,0,GREEN
699,2023-11-20,Z (Dec 2023),14.9,15.0,14.6,14.8,14.776,-0.1282,63410,0,205075,F (Jan 2024),16.4,16.45,16.14,16.3,16.3301,-0.0703,47632.0,0.0,97463.0,302538.0,9608.0,16.7335,17.0514,False,False,False,108569.6,0.5840493103041735,15.079365079365079,False,False,0.0,0.0,0,GREEN
700,2023-11-21,Z (Dec 2023),14.75,14.95,14.4,14.43,14.4523,-0.3237,78044,2041,207364,F (Jan 2024),16.35,16.45,16.0,16.01,16.0213,-0.3088,48119.0,408.0,100013.0,307377.0,4839.0,16.5005,17.048,False,False,False,108415.72,0.719858706836979,40.07936507936508,False,False,0.0,0.0,0,GREEN
701,2023-11-22,Z (Dec 2023),14.45,14.75,14.25,14.59,14.5628,0.1105,73996,0,199944,F (Jan 2024),16.0,16.31,15.81,16.21,16.2486,0.2273,54554.0,0.0,97354.0,297298.0,-10079.0,16.2185,17.0608,False,False,False,107862.4,0.6860221912362418,30.952380952380953,False,False,0.0,0.0,0,GREEN
702,2023-11-24,Z (Dec 2023),14.6,14.65,13.8,13.91,13.8496,-0.7132,67304,318,194382,F (Jan 2024),16.25,16.26,15.6,15.71,15.6449,-0.6037,37194.0,106.0,100868.0,295250.0,-2048.0,15.892,17.0716,False,False,False,107548.34,0.6258023136386857,17.857142857142858,False,False,0.0,0.0,0,GREEN
703,2023-11-27,Z (Dec 2023),13.9,14.2,13.85,13.95,13.9533,0.1037,58317,0,191946,F (Jan 2024),15.69,15.85,15.65,15.73,15.7645,0.1196,45015.0,0.0,103628.0,295574.0,324.0,15.5395,17.0676,False,False,False,106849.5,0.545786363062064,8.73015873015873,False,False,0.0,0.0,0,GREEN
704,2023-11-28,Z (Dec 2023),13.9,14.1,13.65,13.85,13.7842,-0.1691,76585,88,190074,F (Jan 2024),15.75,15.85,15.5,15.55,15.5543,-0.2102,49846.0,0.0,108752.0,298826.0,3252.0,15.244499999999999,17.064,False,False,False,106975.1,0.7159142641605383,36.11111111111111,False,False,0.0,0.0,0,GREEN
705,2023-11-29,Z (Dec 2023),13.85,14.1,13.65,13.97,13.9997,0.2155,79035,0,184953,F (Jan 2024),15.55,15.9,15.4,15.82,15.8501,0.2958,56975.0,0.0,111436.0,296389.0,-2437.0,15.0255,17.0614,False,False,False,107003.32,0.7386219418238611,42.46031746031746,False,False,0.0,0.0,0,GREEN
706,2023-11-30,Z (Dec 2023),14.0,14.15,13.7,13.75,13.7578,-0.2419,73614,281,182983,F (Jan 2024),15.8,15.9,15.55,15.58,15.5681,-0.282,52906.0,161.0,115510.0,298493.0,2104.0,14.845500000000001,17.059199999999997,False,False,False,108429.74,0.6789096792079369,29.365079365079367,False,False,0.0,0.0,0,GREEN
707,2023-12-01,Z (Dec 2023),13.8,13.85,13.5,13.7,13.6982,-0.0596,68550,705,183584,F (Jan 2024),15.55,15.6,15.35,15.48,15.5089,-0.0592,57809.0,718.0,118917.0,302501.0,4008.0,14.701500000000001,16.9802,False,False,False,106491.56,0.6437129853295416,19.444444444444446,False,False,0.0,0.0,0,GREEN
708,2023-12-04,Z (Dec 2023),13.6,14.3,13.6,13.85,13.8006,0.1024,92813,265,171188,F (Jan 2024),15.45,15.95,15.45,15.58,15.549,0.0401,68028.0,0.0,127013.0,298201.0,-4300.0,14.591500000000002,16.9072,False,False,False,105961.26,0.8759144615683129,63.888888888888886,False,False,0.0,0.0,0,GREEN
709,2023-12-05,Z (Dec 2023),13.9,14.05,13.65,13.65,13.663,-0.1376,76750,77,163510,F (Jan 2024),15.58,15.75,15.37,15.45,15.417,-0.132,65339.0,210.0,135031.0,298541.0,340.0,14.489,16.834,False,False,False,105228.8,0.7293630641041235,36.904761904761905,False,False,0.0,0.0,0,GREEN
710,2023-12-06,Z (Dec 2023),13.65,13.85,13.4,13.8,13.737,0.074,76142,218,157151,F (Jan 2024),15.4,15.65,15.2,15.53,15.5667,0.1497,74650.0,306.0,141303.0,298454.0,-87.0,14.4065,16.7304,False,False,False,103705.84,0.7342113038185699,36.11111111111111,False,False,0.0,0.0,0,GREEN
711,2023-12-07,Z (Dec 2023),13.8,13.9,13.58,13.78,13.7485,0.0115,61125,0,149948,F (Jan 2024),15.59,15.7,15.4,15.55,15.5478,-0.0189,55818.0,0.0,144901.0,294849.0,-3605.0,14.332999999999998,16.640400000000003,False,False,False,101724.7,0.6008865103558919,10.317460317460316,False,False,0.0,0.0,0,GREEN
712,2023-12-08,Z (Dec 2023),13.85,13.87,13.3,13.34,13.3417,-0.4068,84797,0,144725,F (Jan 2024),15.53,15.63,15.0,15.08,15.0638,-0.484,80818.0,189.0,152268.0,296993.0,2144.0,14.207500000000001,16.5622,False,False,False,100581.42,0.843068232681543,52.38095238095239,False,False,0.0,0.0,0,GREEN
713,2023-12-11,Z (Dec 2023),13.33,13.35,12.9,12.93,12.9471,-0.3946,76626,0,138766,F (Jan 2024),15.1,15.1,14.73,14.77,14.7916,-0.2722,60138.0,0.0,161018.0,299784.0,2791.0,14.092000000000002,16.469,False,False,False,99299.24,0.7716675374353318,36.507936507936506,False,False,0.0,0.0,0,GREEN
714,2023-12-12,Z (Dec 2023),12.9,13.0,12.25,12.35,12.4035,-0.5436,86739,0,132730,F (Jan 2024),14.73,14.8,14.3,14.38,14.3962,-0.3954,73717.0,165.0,171258.0,303988.0,4204.0,13.968,16.3598,False,False,False,98786.62,0.8780440104135561,55.158730158730165,False,False,0.0,0.0,0,GREEN
715,2023-12-13,Z (Dec 2023),12.36,12.55,12.1,12.25,12.1843,-0.2192,97135,118,118470,F (Jan 2024),14.4,14.55,14.15,14.2,14.2146,-0.1816,96530.0,450.0,176928.0,295398.0,-8590.0,13.860499999999998,16.210800000000003,False,False,False,97528.62,0.9959640564995178,69.84126984126983,False,False,0.0,0.0,0,GREEN
716,2023-12-14,Z (Dec 2023),12.2,12.65,11.96,12.35,12.3048,0.1205,94756,308,104419,F (Jan 2024),14.15,14.57,14.01,14.15,14.1515,-0.0631,93876.0,960.0,186591.0,291010.0,-4388.0,13.767500000000002,16.0828,False,False,False,96259.1,0.9843848529645508,66.66666666666666,False,False,0.0,0.0,0,GREEN
717,2023-12-15,Z (Dec 2023),12.34,12.8,12.2,12.57,12.4649,0.1601,97280,0,87232,F (Jan 2024),14.15,14.7,14.04,14.65,14.6252,0.4737,97226.0,0.0,190633.0,277865.0,-13145.0,13.636000000000001,15.9662,False,False,False,95736.98,1.0161172829976464,69.84126984126983,False,False,0.0,0.0,0,GREEN
718,2023-12-18,Z (Dec 2023),12.55,12.6,12.3,12.46,12.4176,-0.0473,59656,145,74877,F (Jan 2024),14.55,14.71,14.5,14.7,14.6414,0.0162,68809.0,0.0,199410.0,274287.0,-3578.0,13.514,15.8564,False,False,False,93904.56,0.635283313185217,8.73015873015873,False,False,0.0,0.0,0,GREEN
719,2023-12-19,Z (Dec 2023),12.5,12.65,12.25,12.53,12.409,-0.0086,69930,0,57726,F (Jan 2024),14.75,14.95,14.65,14.88,14.8894,0.248,99199.0,0.0,205173.0,262899.0,-11388.0,13.4005,15.752,False,False,False,92903.14,0.7527194452200432,22.22222222222222,False,False,0.0,0.0,0,GREEN
720,2023-12-20,Z (Dec 2023),12.55,12.6,12.38,12.4,12.31,-0.099,1842,0,55229,F (Jan 2024),14.85,16.0,14.7,15.7,15.8061,0.9167,146533.0,755.0,203972.0,259201.0,-3698.0,13.299000000000001,15.657,False,False,False,90879.52,0.020268592967920603,3.571428571428571,False,False,0.0,0.0,0,GREEN
721,2023-12-21,F (Jan 2024),15.75,15.95,15.3,15.44,15.4414,-0.3647,120155,0,191887,G (Feb 2024),16.8,17.0,16.4,16.53,16.5186,-0.3722,62274.0,365.0,71505.0,263392.0,,13.3415,15.638200000000001,False,True,True,91042.2,1.3197725889752225,83.33333333333334,False,False,0.0,0.0,2,YELLOW
722,2023-12-22,F (Jan 2024),15.45,15.75,15.0,15.15,15.0372,-0.4042,86839,0,183299,G (Feb 2024),16.5,16.77,16.25,16.33,16.296,-0.2226,44076.0,110.0,72953.0,256252.0,-7140.0,13.4035,15.6022,False,True,True,89907.18,0.9658739157428807,54.761904761904766,False,False,0.0,0.0,2,YELLOW
723,2023-12-26,F (Jan 2024),15.05,15.15,14.55,14.55,14.6063,-0.4309,57872,72,176588,G (Feb 2024),16.33,16.35,15.9,15.9,15.9198,-0.3762,38614.0,0.0,74873.0,251461.0,-4791.0,13.4335,15.5062,False,True,True,87351.52,0.6625185228602776,6.746031746031746,False,False,0.0,0.0,2,YELLOW
724,2023-12-27,F (Jan 2024),14.6,14.65,13.95,13.98,13.9935,-0.6128,78249,112,169980,G (Feb 2024),15.9,15.9,15.35,15.36,15.3641,-0.5557,48296.0,0.0,76050.0,246030.0,-5431.0,13.440000000000001,15.4398,False,True,True,86583.8,0.9037371887119761,40.07936507936508,False,False,0.0,0.0,2,YELLOW
725,2023-12-28,F (Jan 2024),13.95,14.2,13.9,14.0,13.9837,-0.0098,57915,55,159417,G (Feb 2024),15.35,15.45,15.2,15.28,15.3042,-0.0599,47994.0,0.0,78768.0,238185.0,-7845.0,13.441500000000001,15.3604,False,True,True,85271.3,0.6791851420114388,7.5396825396825395,False,False,0.0,0.0,2,YELLOW
726,2023-12-29,F (Jan 2024),14.0,14.45,13.85,14.08,14.0512,0.0675,76420,154,155569,G (Feb 2024),15.27,15.55,15.15,15.32,15.2954,-0.0088,53992.0,37.0,81584.0,237153.0,-1032.0,13.458000000000002,15.275,False,True,True,86749.56,0.8809266583023592,34.523809523809526,False,False,0.0,0.0,2,YELLOW
727,2024-01-02,F (Jan 2024),14.25,14.8,13.9,14.15,14.1016,0.0504,118240,66,147043,G (Feb 2024),15.2,15.76,15.1,15.21,15.1958,-0.0996,78296.0,0.0,91211.0,238254.0,1101.0,13.480500000000001,15.144400000000001,False,True,True,85915.38,1.376237874988157,82.14285714285714,False,False,0.0,0.0,2,YELLOW
728,2024-01-03,F (Jan 2024),14.13,14.95,14.1,14.7,14.6997,0.5981,123511,1036,138810,G (Feb 2024),15.19,15.85,15.15,15.62,15.6212,0.4254,87868.0,900.0,95883.0,234693.0,-3561.0,13.523,15.0186,False,True,True,85575.12,1.4433050166917676,84.52380952380952,False,False,0.0,0.0,2,YELLOW
729,2024-01-04,F (Jan 2024),14.7,14.8,14.35,14.65,14.6618,-0.0379,92315,27,135169,G (Feb 2024),15.55,15.7,15.35,15.6,15.6042,-0.017,72229.0,0.0,102149.0,237318.0,2625.0,13.573000000000002,14.915600000000001,False,True,True,84549.6,1.0918443138702016,61.904761904761905,False,False,0.0,0.0,2,YELLOW
730,2024-01-05,F (Jan 2024),14.65,15.05,13.95,14.25,14.2034,-0.4584,115930,260,127386,G (Feb 2024),15.55,15.9,14.95,15.13,15.0979,-0.5063,84414.0,372.0,114126.0,241512.0,4194.0,13.595500000000001,14.818800000000001,False,True,True,84729.72,1.3682330119821002,80.55555555555556,False,False,0.0,0.0,2,YELLOW
731,2024-01-08,F (Jan 2024),14.15,14.5,13.6,13.88,13.7975,-0.4059,100008,632,120090,G (Feb 2024),15.12,15.35,14.59,14.82,14.7882,-0.3097,83201.0,0.0,123752.0,243842.0,2330.0,13.6005,14.6918,False,True,True,83961.2,1.1911216133166271,69.44444444444444,False,False,0.0,0.0,2,YELLOW
732,2024-01-09,F (Jan 2024),13.88,14.05,13.35,13.45,13.4039,-0.3936,85129,230,111126,G (Feb 2024),14.82,14.95,14.4,14.42,14.4285,-0.3597,82395.0,143.0,132456.0,243582.0,-260.0,13.606,14.552,False,True,False,83036.94,1.0251943291744614,49.60317460317461,False,False,0.0,0.0,1,GREEN
733,2024-01-10,F (Jan 2024),13.45,13.51,13.2,13.2,13.3453,-0.0586,86680,0,100243,G (Feb 2024),14.45,14.5,14.2,14.2,14.2977,-0.1308,87794.0,0.0,144157.0,244400.0,818.0,13.619499999999999,14.396,False,True,False,82223.32,1.0542021411930338,51.98412698412699,False,False,0.0,0.0,1,GREEN
734,2024-01-11,F (Jan 2024),13.25,13.75,12.95,13.05,13.0512,-0.2941,122315,745,89191,G (Feb 2024),14.2,14.75,14.0,14.22,14.2522,-0.0455,135408.0,0.0,157739.0,246930.0,2530.0,13.654499999999999,14.262,False,True,False,82489.42,1.4827962179877128,83.73015873015873,False,False,0.0,0.0,1,GREEN
735,2024-01-12,F (Jan 2024),13.01,13.45,12.95,13.35,13.1811,0.1299,83350,0,71833,G (Feb 2024),14.2,14.6,14.15,14.6,14.4647,0.2125,112499.0,0.0,170627.0,242460.0,-4470.0,13.7095,14.162,False,True,False,81720.68,1.0199376706116494,46.82539682539682,False,False,0.0,0.0,1,GREEN
736,2024-01-16,F (Jan 2024),13.3,14.35,13.15,13.9,13.9544,0.7733,121279,0,40287,G (Feb 2024),14.5,15.3,14.45,14.91,14.9876,0.5229,167180.0,463.0,176034.0,216321.0,-26139.0,13.787,14.093,False,True,True,81575.1,1.4867159218928323,82.93650793650794,False,False,0.0,0.0,2,YELLOW
737,2024-01-17,F (Jan 2024),13.85,14.75,13.7,14.6,15.13,1.1756,1865,0,38590,G (Feb 2024),14.9,15.9,14.8,15.5,15.5187,0.5311,147984.0,1230.0,166540.0,205130.0,-11191.0,13.888500000000002,14.0534,True,True,True,79584.76,0.023434134877079484,3.571428571428571,False,False,0.0,0.0,3,YELLOW
738,2024-01-18,G (Feb 2024),15.45,15.5,14.9,14.98,15.0037,-0.515,94340,0,159629,H (Mar 2024),16.35,16.4,15.9,15.96,15.9966,-0.3553,51222.0,0.0,72987.0,232616.0,,14.014499999999998,14.032,True,True,True,79672.0,1.184104829802189,63.49206349206349,False,False,0.0,0.0,3,YELLOW
739,2024-01-19,G (Feb 2024),15.0,15.0,14.48,14.53,14.6052,-0.3985,103981,0,160982,H (Mar 2024),15.96,16.0,15.55,15.6,15.6997,-0.2969,62610.0,0.0,76243.0,237225.0,4609.0,14.114500000000001,14.0086,True,True,True,79907.78,1.3012625303818977,72.22222222222221,False,False,0.0,0.0,3,YELLOW
740,2024-01-22,G (Feb 2024),14.5,14.52,14.0,14.08,14.0804,-0.5248,87659,172,158069,H (Mar 2024),15.6,15.65,15.15,15.17,15.1727,-0.527,58295.0,30.0,80692.0,238761.0,1536.0,14.1985,13.981200000000001,True,True,False,80177.1,1.0933171691168675,53.96825396825397,False,False,0.0,0.0,2,YELLOW
741,2024-01-23,G (Feb 2024),14.08,14.08,13.65,13.7,13.7002,-0.3802,81031,0,157976,H (Mar 2024),15.16,15.2,14.75,14.85,14.7723,-0.4004,48936.0,0.0,83869.0,241845.0,3084.0,14.111499999999998,13.9502,False,False,False,80213.98,1.0101855063169787,41.66666666666667,False,False,0.0,0.0,0,GREEN
742,2024-01-24,G (Feb 2024),13.73,14.15,13.49,14.04,14.038,0.3378,81601,0,151034,H (Mar 2024),14.8,15.2,14.6,15.1,15.1205,0.3482,66712.0,307.0,86161.0,237195.0,-4650.0,14.056000000000001,13.914000000000001,True,False,False,79970.46,1.020389278741175,42.46031746031746,False,False,0.0,0.0,1,GREEN
743,2024-01-25,G (Feb 2024),14.05,14.3,13.9,14.21,14.2261,0.1881,73696,0,146863,H (Mar 2024),15.13,15.35,15.0,15.28,15.309,0.1885,55175.0,0.0,87010.0,233873.0,-3322.0,14.038999999999998,13.8934,True,False,True,79704.3,0.9246176178700521,26.190476190476193,False,False,0.0,0.0,2,YELLOW
744,2024-01-26,G (Feb 2024),14.25,14.45,13.9,14.14,14.1173,-0.1088,72020,0,145298,H (Mar 2024),15.35,15.5,15.0,15.17,15.1767,-0.1323,59132.0,0.0,87867.0,233165.0,-708.0,14.047,13.8796,True,True,True,79754.42,0.903022051943955,23.809523809523807,False,False,0.0,0.0,3,YELLOW
745,2024-01-29,G (Feb 2024),14.15,14.45,14.09,14.2,14.2508,0.1335,72133,649,144239,H (Mar 2024),15.2,15.4,15.08,15.23,15.2503,0.0736,51065.0,299.0,93360.0,237599.0,4434.0,14.057000000000002,13.875599999999999,True,True,True,79266.62,0.9100047409615801,23.809523809523807,False,False,0.0,0.0,3,YELLOW
746,2024-01-30,G (Feb 2024),14.2,14.3,13.95,14.1,13.9929,-0.2579,68362,460,139677,H (Mar 2024),15.22,15.3,14.95,15.1,15.0432,-0.2071,55089.0,0.0,97815.0,237492.0,-107.0,14.057999999999998,13.873399999999998,True,True,True,80594.76,0.848218916465537,17.46031746031746,False,False,0.0,0.0,3,YELLOW
747,2024-01-31,G (Feb 2024),14.1,15.0,13.84,14.88,14.8735,0.8806,163162,0,128233,H (Mar 2024),15.1,15.8,14.86,15.72,15.6748,0.6316,102399.0,880.0,104107.0,232340.0,-5152.0,14.0945,13.867,True,True,True,82124.0,1.9867760946860844,96.42857142857143,True,True,1.0,1.0,5,ORANGE
748,2024-02-01,G (Feb 2024),14.85,15.01,14.35,14.39,14.6977,-0.1758,107474,0,131029,H (Mar 2024),15.69,15.82,15.27,15.36,15.5533,-0.1215,79241.0,0.0,111723.0,242752.0,10412.0,14.079000000000002,13.8568,True,False,True,82959.54,1.2954989866144389,73.80952380952381,False,False,1.0,1.0,2,YELLOW
749,2024-02-02,G (Feb 2024),14.4,14.75,14.24,14.65,14.5473,-0.1504,88061,0,116288,H (Mar 2024),15.35,15.7,15.2,15.56,15.5485,-0.0048,67097.0,0.0,116599.0,232887.0,-9865.0,14.078999999999999,13.8538,True,False,True,83452.56,1.0552222723904456,54.36507936507936,False,False,1.0,1.0,2,YELLOW
750,2024-02-05,G (Feb 2024),14.65,14.85,13.85,14.05,13.9557,-0.5916,101851,0,108449,H (Mar 2024),15.55,15.72,14.95,15.1,15.0004,-0.5481,95753.0,0.0,124384.0,232833.0,-54.0,14.068999999999999,13.846200000000001,True,False,False,83928.7,1.213541970744215,70.23809523809523,False,False,1.0,1.0,1,GREEN
751,2024-02-06,G (Feb 2024),13.95,14.05,13.5,13.55,13.5521,-0.4036,82134,0,99413,H (Mar 2024),15.1,15.11,14.6,14.68,14.6468,-0.3536,77897.0,363.0,137080.0,236493.0,3660.0,14.0525,13.8254,False,False,False,84091.46,0.9767222497980175,44.047619047619044,False,False,1.0,1.0,0,GREEN
752,2024-02-07,G (Feb 2024),13.58,13.65,13.25,13.37,13.3847,-0.1674,79608,97,88762,H (Mar 2024),14.65,14.75,14.4,14.57,14.6441,-0.0027,90364.0,292.0,150274.0,239036.0,2543.0,14.0485,13.8146,False,False,False,84337.54,0.9439212953093012,40.07936507936508,False,False,0.0,1.0,0,GREEN
753,2024-02-08,G (Feb 2024),13.4,13.65,13.3,13.31,13.3452,-0.0395,62630,0,74971,H (Mar 2024),14.6,14.8,14.45,14.5,14.5328,-0.1113,74750.0,1300.0,162612.0,237583.0,-1453.0,14.054000000000002,13.8018,False,True,False,84423.8,0.741852416024865,11.11111111111111,False,False,0.0,1.0,1,GREEN
754,2024-02-09,G (Feb 2024),13.35,13.4,13.13,13.35,13.3705,0.0253,54219,50,66096,H (Mar 2024),14.5,14.75,14.35,14.67,14.6955,0.1627,75901.0,1838.0,171819.0,237915.0,332.0,14.068999999999999,13.791799999999999,False,True,False,83976.48,0.6456450663328589,5.952380952380952,False,False,0.0,1.0,1,GREEN
755,2024-02-12,G (Feb 2024),13.4,13.9,13.2,13.8,13.8034,0.4329,68283,62,54340,H (Mar 2024),14.65,15.15,14.5,15.0,14.9534,0.2579,110785.0,564.0,175374.0,229714.0,-8201.0,14.0915,13.788400000000001,True,True,False,83761.44,0.8152080479991748,18.253968253968253,False,False,0.0,1.0,2,YELLOW
756,2024-02-13,G (Feb 2024),13.85,17.85,13.61,15.6,15.7525,1.9491,152241,120,32459,H (Mar 2024),15.0,16.95,14.9,15.85,16.0148,1.0614,228457.0,720.0,181878.0,214337.0,-15377.0,14.1765,13.825400000000002,True,True,True,85333.98,1.784060698915016,92.85714285714286,False,True,1.0,2.0,4,ORANGE
757,2024-02-14,G (Feb 2024),15.75,15.75,14.65,14.8,14.32,-1.4325,2358,0,31628,H (Mar 2024),15.9,15.95,15.04,15.06,15.1396,-0.8752,147314.0,1536.0,173906.0,205534.0,-8803.0,14.186499999999999,13.8474,True,True,True,84010.14,0.02806804035798536,4.761904761904762,False,False,1.0,1.0,3,YELLOW
758,2024-02-15,H (Mar 2024),15.05,15.35,14.84,15.03,15.0189,-0.1207,80148,0,173746,J (Apr 2024),15.97,16.2,15.78,15.97,15.9688,-0.0774,39950.0,170.0,67956.0,241702.0,,14.189000000000002,13.870999999999999,True,True,True,83756.84,0.9569128921291682,42.857142857142854,False,False,1.0,1.0,3,YELLOW
759,2024-02-16,H (Mar 2024),15.0,15.25,14.7,15.01,14.9515,-0.0674,99552,0,174117,J (Apr 2024),15.95,16.11,15.68,15.94,15.8956,-0.0732,46784.0,0.0,71745.0,245862.0,4160.0,14.213,13.8982,True,True,True,84212.88,1.182146958992496,68.65079365079364,False,False,1.0,1.0,3,YELLOW
760,2024-02-20,H (Mar 2024),15.05,15.9,14.9,15.55,15.5273,0.5758,137215,1167,173823,J (Apr 2024),15.95,16.6,15.82,16.25,16.2898,0.3942,63042.0,166.0,75226.0,249049.0,3187.0,14.2865,13.933200000000001,True,True,True,85434.34,1.6060872010013774,87.6984126984127,False,False,1.0,1.0,3,YELLOW
761,2024-02-21,H (Mar 2024),15.55,15.75,15.0,15.03,15.3494,-0.1779,96300,277,172578,J (Apr 2024),16.25,16.45,15.75,15.78,16.0978,-0.192,52100.0,171.0,75372.0,247950.0,-1099.0,14.353,13.9582,True,True,True,86137.84,1.1179755610310174,66.26984126984127,False,False,0.0,1.0,3,YELLOW
762,2024-02-22,H (Mar 2024),15.05,15.1,14.5,14.94,15.0348,-0.3146,103590,0,171048,J (Apr 2024),15.8,15.95,15.4,15.83,15.9232,-0.1746,63306.0,0.0,80369.0,251417.0,3467.0,14.398,13.9902,True,True,True,86513.7,1.197382611077783,73.01587301587301,False,False,0.0,1.0,3,YELLOW
763,2024-02-23,H (Mar 2024),14.9,15.01,14.4,14.45,14.4301,-0.6047,79515,284,168676,J (Apr 2024),15.8,15.88,15.35,15.43,15.4033,-0.5199,54224.0,125.0,80267.0,248943.0,-2474.0,14.410000000000002,14.0206,True,True,True,86571.48,0.9184895533725426,40.87301587301587,False,False,0.0,1.0,3,YELLOW
764,2024-02-26,H (Mar 2024),14.5,14.6,14.2,14.31,14.2522,-0.1779,67223,0,170295,J (Apr 2024),15.42,15.5,15.2,15.29,15.2524,-0.1509,44832.0,0.0,83549.0,253844.0,4901.0,14.418499999999998,14.059799999999997,True,True,False,86181.16,0.7800196701924179,15.079365079365079,False,False,0.0,1.0,2,YELLOW
765,2024-02-27,H (Mar 2024),14.3,14.35,13.95,14.0,13.9981,-0.2541,56312,0,168644,J (Apr 2024),15.3,15.3,15.0,15.02,15.0229,-0.2295,35489.0,0.0,86687.0,255331.0,1487.0,14.408499999999998,14.094799999999998,False,False,False,85364.7,0.6596637720275477,6.746031746031746,False,False,0.0,1.0,0,GREEN
766,2024-02-28,H (Mar 2024),13.98,14.4,13.97,14.33,14.2232,0.2251,60480,0,161857,J (Apr 2024),14.95,15.35,14.95,15.27,15.2325,0.2096,50386.0,0.0,85669.0,247526.0,-7805.0,14.420000000000002,14.134400000000001,True,True,False,84679.18,0.7142251495586046,9.523809523809524,False,False,0.0,0.0,2,YELLOW
767,2024-02-29,H (Mar 2024),14.3,14.45,13.95,14.1,14.0088,-0.2144,71738,409,156841,J (Apr 2024),15.25,15.35,14.95,15.05,15.0507,-0.1818,53172.0,292.0,88562.0,245403.0,-2123.0,14.381,14.165,False,False,False,84168.34,0.8523157282179974,25.396825396825395,False,False,0.0,0.0,0,GREEN
768,2024-03-01,H (Mar 2024),14.05,14.25,13.75,14.03,14.0481,0.0393,78139,504,155672,J (Apr 2024),15.05,15.25,14.85,15.06,15.0964,0.0457,49818.0,425.0,95094.0,250766.0,5363.0,14.363,14.196399999999999,False,False,False,84538.0,0.9243062291513875,39.285714285714285,False,False,0.0,0.0,0,GREEN
769,2024-03-04,H (Mar 2024),14.0,14.15,13.9,14.06,14.0297,-0.0184,58087,170,149080,J (Apr 2024),15.1,15.15,14.96,15.05,15.051,-0.0454,49974.0,0.0,102041.0,251121.0,355.0,14.3335,14.227,False,False,False,84301.14,0.6890416903021714,8.333333333333332,False,False,0.0,0.0,0,GREEN
770,2024-03-05,H (Mar 2024),14.1,15.25,14.0,14.68,14.703,0.6733,145149,0,138072,J (Apr 2024),15.08,16.0,15.02,15.57,15.6063,0.5553,98013.0,0.0,107588.0,245660.0,-5461.0,14.365,14.2726,True,True,True,87167.28,1.6651775758059675,92.06349206349206,False,True,1.0,1.0,4,ORANGE
771,2024-03-06,H (Mar 2024),14.7,14.95,14.25,14.81,14.7897,0.0867,90704,0,136615,J (Apr 2024),15.55,15.75,15.16,15.61,15.6097,0.0034,61248.0,0.0,114371.0,250986.0,5326.0,14.428,14.26,True,True,True,86578.26,1.0476533023417196,59.12698412698413,False,False,1.0,1.0,3,YELLOW
772,2024-03-07,H (Mar 2024),14.8,15.1,14.35,14.6,14.6174,-0.1723,72028,0,135395,J (Apr 2024),15.6,15.85,15.3,15.55,15.6174,0.0077,59874.0,187.0,116684.0,252079.0,1093.0,14.489499999999998,14.248999999999999,True,True,True,86282.04,0.8347971373880358,26.190476190476193,False,False,1.0,1.0,3,YELLOW
773,2024-03-08,H (Mar 2024),14.65,15.75,14.2,15.05,15.0773,0.4599,137863,375,122139,J (Apr 2024),15.57,16.45,15.3,15.92,15.9453,0.3279,95897.0,649.0,117161.0,239300.0,-12779.0,14.5765,14.259,True,True,True,87881.86,1.5687310213962244,87.3015873015873,False,False,1.0,1.0,3,YELLOW
774,2024-03-11,H (Mar 2024),15.0,15.65,14.75,14.9,14.8956,-0.1817,122737,0,111393,J (Apr 2024),15.92,16.4,15.65,15.77,15.8192,-0.1261,96709.0,0.0,126214.0,237607.0,-1693.0,14.654,14.2774,True,True,True,88771.62,1.3826152997996433,82.53968253968253,False,False,1.0,1.0,3,YELLOW
775,2024-03-12,H (Mar 2024),14.85,15.21,13.9,13.94,13.9606,-0.935,124019,0,102663,J (Apr 2024),15.76,16.08,15.05,15.11,15.1004,-0.7188,112315.0,0.0,137834.0,240497.0,2890.0,14.660999999999998,14.2762,False,True,False,90093.7,1.3765557414114418,84.12698412698413,False,False,0.0,1.0,1,GREEN
776,2024-03-13,H (Mar 2024),13.95,14.05,13.7,13.78,13.7973,-0.1633,73301,40,91505,J (Apr 2024),15.07,15.2,14.95,15.04,15.0363,-0.0641,63832.0,140.0,147023.0,238528.0,-1969.0,14.569999999999999,14.270199999999999,False,False,False,90031.32,0.8141722236217351,27.380952380952383,False,False,0.0,1.0,0,GREEN
777,2024-03-14,H (Mar 2024),13.8,15.05,13.58,14.35,14.342,0.5447,124784,282,78186,J (Apr 2024),15.02,15.97,14.85,15.37,15.4042,0.3679,143419.0,0.0,150190.0,228376.0,-10152.0,14.547500000000003,14.2742,True,False,False,90162.2,1.3839946230238394,85.31746031746032,False,False,0.0,1.0,1,GREEN
778,2024-03-15,H (Mar 2024),14.3,15.55,14.15,14.6,14.5984,0.2564,122973,0,58461,J (Apr 2024),15.35,16.25,15.25,15.7,15.6778,0.2736,130138.0,0.0,159186.0,217647.0,-10729.0,14.526,14.2722,True,False,True,90151.44,1.3640713892090908,83.33333333333334,False,False,0.0,1.0,2,YELLOW
779,2024-03-18,H (Mar 2024),14.6,14.65,14.05,14.34,14.3579,-0.2405,72888,0,50322,J (Apr 2024),15.7,15.72,15.2,15.32,15.3308,-0.347,97463.0,0.0,167225.0,217547.0,-100.0,14.492500000000001,14.265999999999998,True,False,False,89762.9,0.81200585096961,27.380952380952383,False,False,0.0,1.0,1,GREEN
780,2024-03-19,H (Mar 2024),14.34,14.91,13.8,13.85,13.9448,-0.4131,81465,0,37422,J (Apr 2024),15.34,15.6,14.88,14.97,14.9214,-0.4094,110501.0,0.0,174399.0,211821.0,-5726.0,14.407499999999999,14.258,False,False,False,89073.6,0.9145807511990084,46.03174603174603,False,False,0.0,0.0,0,GREEN
781,2024-03-20,H (Mar 2024),13.9,14.15,13.8,14.05,14.17,0.2252,2777,0,35965,J (Apr 2024),14.95,15.15,14.5,14.5,14.5645,-0.3569,111445.0,0.0,173026.0,208991.0,-2830.0,14.358500000000001,14.261399999999998,False,False,False,87128.98,0.031872288646096855,5.158730158730158,False,False,0.0,0.0,0,GREEN
782,2024-03-21,J (Apr 2024),14.5,14.65,14.3,14.46,14.4567,-0.1078,91064,0,176974,K (May 2024),15.45,15.65,15.32,15.53,15.5371,-0.0088,51354.0,0.0,76948.0,253922.0,,14.3345,14.281600000000001,True,False,True,87247.68,1.0437412203969207,59.92063492063492,False,False,0.0,0.0,2,YELLOW
783,2024-03-22,J (Apr 2024),14.45,14.65,14.25,14.55,14.4814,0.0247,71037,160,175955,K (May 2024),15.55,15.65,15.35,15.6,15.5795,0.0424,44922.0,18.0,80731.0,256686.0,2764.0,14.339500000000001,14.308599999999998,True,True,True,86934.82,0.8171294309920927,23.015873015873016,False,False,0.0,0.0,3,YELLOW
784,2024-03-25,J (Apr 2024),14.5,14.75,14.25,14.4,14.4005,-0.0809,68337,0,174616,K (May 2024),15.6,15.8,15.37,15.5,15.4969,-0.0826,40951.0,0.0,82271.0,256887.0,201.0,14.344000000000003,14.335600000000001,True,True,True,85855.26,0.7959558913455042,18.253968253968253,False,False,0.0,0.0,3,YELLOW
785,2024-03-26,J (Apr 2024),14.4,14.4,14.1,14.32,14.3463,-0.0542,62492,0,174395,K (May 2024),15.46,15.46,15.2,15.37,15.3954,-0.1015,46364.0,0.0,84505.0,258900.0,2013.0,14.360000000000003,14.355,False,True,False,85438.1,0.7314301230949658,12.3015873015873,False,False,0.0,0.0,1,GREEN
786,2024-03-27,J (Apr 2024),14.35,14.45,14.04,14.1,14.0661,-0.2802,69914,0,172941,K (May 2024),15.35,15.5,15.15,15.17,15.1988,-0.1966,44827.0,0.0,88184.0,261125.0,2225.0,14.348499999999998,14.359000000000002,False,False,False,84410.8,0.8282589431684098,21.825396825396826,False,False,0.0,0.0,0,GREEN
787,2024-03-28,J (Apr 2024),14.05,14.4,14.05,14.4,14.3687,0.3026,77353,181,164365,K (May 2024),15.2,15.45,15.1,15.39,15.4185,0.2197,47893.0,83.0,92454.0,256819.0,-4306.0,14.363500000000002,14.355,True,True,True,85920.56,0.9002851005626593,38.88888888888889,False,False,0.0,0.0,3,YELLOW
788,2024-04-01,J (Apr 2024),14.35,14.8,14.15,14.61,14.5022,0.1335,77382,0,155883,K (May 2024),15.4,15.7,15.25,15.51,15.4306,0.0121,55519.0,187.0,97180.0,253063.0,-3756.0,14.392499999999998,14.3476,True,True,True,85581.4,0.9041917986852284,38.88888888888889,False,False,0.0,0.0,3,YELLOW
789,2024-04-02,J (Apr 2024),14.65,15.65,14.45,14.91,14.9996,0.4974,145629,559,147774,K (May 2024),15.47,16.25,15.4,15.75,15.7777,0.3471,85138.0,406.0,96462.0,244236.0,-8827.0,14.434999999999999,14.3552,True,True,True,86414.36,1.6852407400806995,93.65079365079364,False,True,1.0,1.0,4,ORANGE
790,2024-04-03,J (Apr 2024),15.0,15.4,14.7,14.91,14.9446,-0.055,108677,0,139186,K (May 2024),15.75,16.1,15.5,15.64,15.644,-0.1337,65935.0,0.0,99450.0,238636.0,-5600.0,14.4465,14.3718,True,True,True,86834.72,1.2515385550848785,75.39682539682539,False,False,1.0,1.0,3,YELLOW
791,2024-04-04,J (Apr 2024),14.9,16.35,14.45,15.95,15.8308,0.8862,186832,33,130103,K (May 2024),15.62,16.65,15.3,16.39,16.2118,0.5678,120115.0,198.0,105048.0,235151.0,-3485.0,14.503499999999999,14.4168,True,True,True,88950.74,2.100398490220542,99.60317460317461,True,True,2.0,2.0,6,RED
792,2024-04-05,J (Apr 2024),15.96,16.35,15.43,16.01,16.0774,0.2466,154104,96,119782,K (May 2024),16.4,16.7,16.02,16.48,16.5142,0.3024,128849.0,0.0,110411.0,230193.0,-4958.0,14.574000000000002,14.456199999999999,True,True,True,90400.8,1.7046751798656647,94.44444444444444,False,True,3.0,3.0,6,RED
793,2024-04-08,J (Apr 2024),16.0,16.02,15.15,15.3,15.347,-0.7304,129384,0,113407,K (May 2024),16.45,16.55,15.8,15.95,15.9546,-0.5596,95406.0,210.0,115334.0,228741.0,-1452.0,14.586500000000001,14.478000000000002,True,True,True,91514.56,1.4138078137511672,86.5079365079365,False,False,3.0,3.0,5,ORANGE
794,2024-04-09,J (Apr 2024),15.3,16.0,14.95,14.98,15.0753,-0.2717,136261,66,100663,K (May 2024),15.93,16.5,15.75,15.82,15.8977,-0.0569,105822.0,180.0,127381.0,228044.0,-697.0,14.5905,14.494799999999998,True,True,True,92799.38,1.4683395514064856,87.3015873015873,False,False,2.0,3.0,5,ORANGE
795,2024-04-10,J (Apr 2024),15.0,16.2,14.75,15.46,15.3171,0.2418,167943,0,89245,K (May 2024),15.81,16.75,15.6,16.26,16.1527,0.255,127851.0,0.0,138056.0,227301.0,-743.0,14.666500000000003,14.52,True,True,True,94715.58,1.7731296160568304,97.61904761904762,False,True,3.0,4.0,6,RED
796,2024-04-11,J (Apr 2024),15.5,16.3,14.95,15.0,15.0239,-0.2932,125897,156,78864,K (May 2024),16.3,16.8,15.8,15.88,15.8992,-0.2535,121271.0,110.0,142568.0,221432.0,-5869.0,14.727500000000001,14.538,True,True,True,95866.28,1.3132563399768928,84.12698412698413,False,False,2.0,4.0,5,ORANGE
797,2024-04-12,J (Apr 2024),15.0,18.1,15.0,17.05,17.0882,2.0643,215259,270,62923,K (May 2024),15.87,17.95,15.85,17.2,17.1165,1.2173,279784.0,1580.0,168529.0,231452.0,10020.0,14.8625,14.5814,True,True,True,96908.22,2.2212666789256885,100.0,True,True,2.0,5.0,7,RED
798,2024-04-15,J (Apr 2024),17.05,18.7,15.95,18.55,18.4081,1.3199,158535,3294,51773,K (May 2024),17.15,18.17,16.45,18.1,18.0133,0.8968,221305.0,1082.0,176511.0,228284.0,-3168.0,15.059999999999999,14.6646,True,True,True,97929.44,1.6188696677934644,94.44444444444444,False,True,3.0,6.0,6,RED
799,2024-04-16,J (Apr 2024),18.5,19.7,17.5,18.15,18.2475,-0.1606,111949,206,37418,K (May 2024),18.1,18.61,17.1,17.4,17.4557,-0.5576,202553.0,655.0,187563.0,224981.0,-3303.0,15.250499999999999,14.7346,True,True,True,98407.2,1.1376098496857954,73.80952380952381,False,False,3.0,5.0,5,ORANGE
800,2024-04-17,J (Apr 2024),18.0,18.65,17.8,17.95,18.03,-0.2175,1152,0,36458,K (May 2024),17.35,18.0,16.95,17.25,17.2093,-0.2464,151748.0,633.0,183669.0,220127.0,-4854.0,15.4555,14.8126,True,True,True,96393.22,0.011951048009393192,0.3968253968253968,False,False,2.0,5.0,5,ORANGE
801,2024-04-18,K (May 2024),17.2,17.65,16.75,17.35,17.3829,0.1736,105601,120,179901,M (Jun 2024),17.5,17.85,17.17,17.66,17.6459,0.1226,58115.0,260.0,72218.0,252119.0,,15.620500000000002,14.888600000000002,True,True,True,96862.56,1.0902148363619546,70.23809523809523,False,False,2.0,4.0,5,ORANGE
802,2024-04-19,K (May 2024),17.35,19.7,17.1,17.8,17.8354,0.4525,161953,717,177618,M (Jun 2024),17.68,19.55,17.38,17.91,17.9513,0.3054,75189.0,62.0,76165.0,253783.0,1664.0,15.7875,14.9772,True,True,True,98509.46,1.6440349992782417,96.03174603174604,False,True,2.0,4.0,6,RED
803,2024-04-22,K (May 2024),17.7,17.7,16.2,16.38,16.4697,-1.3657,138171,0,174607,M (Jun 2024),17.82,17.87,16.6,16.72,16.8052,-1.1461,72931.0,0.0,80274.0,254881.0,1098.0,15.879000000000001,15.038599999999999,True,True,True,100020.28,1.3814298460272256,86.5079365079365,False,False,1.0,4.0,4,ORANGE
804,2024-04-23,K (May 2024),16.3,16.45,15.65,15.8,15.7943,-0.6754,91401,0,168277,M (Jun 2024),16.73,16.8,16.1,16.25,16.2121,-0.5931,57572.0,0.0,81398.0,249675.0,-5206.0,15.948999999999998,15.0876,True,True,False,100763.92,0.9070806296539475,55.952380952380956,False,False,1.0,4.0,3,YELLOW
805,2024-04-24,K (May 2024),15.75,16.1,15.55,15.96,15.6252,-0.1691,117117,0,164150,M (Jun 2024),16.2,16.42,16.0,16.27,16.0272,-0.1849,66501.0,264.0,80980.0,245130.0,-4545.0,16.031,15.130799999999999,True,True,False,101740.6,1.1511333725179524,76.19047619047619,False,False,1.0,3.0,3,YELLOW
806,2024-04-25,K (May 2024),16.0,16.85,15.6,15.6,16.0018,0.3766,122136,0,166012,M (Jun 2024),16.26,16.9,15.95,15.98,16.2415,0.2143,55893.0,0.0,84109.0,250121.0,4991.0,16.106,15.130799999999999,True,True,False,101138.5,1.207611344839008,78.96825396825396,False,False,1.0,3.0,3,YELLOW
807,2024-04-26,K (May 2024),15.6,15.71,15.3,15.45,15.3964,-0.6054,97534,80,156190,M (Jun 2024),16.0,16.05,15.7,15.93,15.9111,-0.3304,69518.0,165.0,87304.0,243494.0,-6627.0,16.158499999999997,15.143799999999999,True,True,False,103042.02,0.9465458848729867,63.888888888888886,False,False,0.0,2.0,2,YELLOW
808,2024-04-29,K (May 2024),15.45,15.5,15.0,15.15,15.1678,-0.2286,75733,0,155014,M (Jun 2024),15.95,15.95,15.55,15.68,15.6545,-0.2566,54463.0,230.0,90755.0,245769.0,2275.0,16.1855,15.1462,True,True,False,102953.72,0.7356023658008667,28.968253968253972,False,False,0.0,1.0,2,YELLOW
809,2024-04-30,K (May 2024),15.2,15.85,15.0,15.81,15.6634,0.4956,106361,0,157353,M (Jun 2024),15.67,16.1,15.5,16.08,15.952,0.2975,67778.0,0.0,91032.0,248385.0,2616.0,16.2305,15.1622,True,True,False,103089.9,1.0317305575036935,69.84126984126983,False,False,0.0,1.0,2,YELLOW
810,2024-05-01,K (May 2024),15.85,16.15,14.99,15.7,15.7081,0.0447,127438,0,155745,M (Jun 2024),16.1,16.37,15.45,16.01,16.0814,0.1294,78127.0,0.0,91081.0,246826.0,-1559.0,16.27,15.1652,True,True,False,102894.36,1.23853241324403,83.33333333333334,False,False,0.0,1.0,2,YELLOW
811,2024-05-02,K (May 2024),15.75,15.86,14.95,14.99,15.1632,-0.5449,96454,0,153673,M (Jun 2024),16.0,16.18,15.5,15.5,15.6452,-0.4362,60997.0,0.0,93788.0,247461.0,635.0,16.222,15.1644,False,False,False,102897.44,0.9373799775776734,61.50793650793651,False,False,0.0,1.0,0,GREEN
812,2024-05-03,K (May 2024),15.05,15.07,14.45,14.55,14.5915,-0.5717,111583,245,153948,M (Jun 2024),15.5,15.57,15.05,15.13,15.1674,-0.4778,76593.0,226.0,99608.0,253556.0,6095.0,16.149,15.156600000000001,False,False,False,103057.3,1.0827277640691149,72.22222222222221,False,False,0.0,0.0,0,GREEN
813,2024-05-06,K (May 2024),14.55,14.6,14.15,14.18,14.1983,-0.3932,59775,309,153835,M (Jun 2024),15.1,15.13,14.7,14.71,14.7946,-0.3728,50805.0,334.0,103961.0,257796.0,4240.0,16.093,15.151200000000001,False,False,False,102662.5,0.5822476561548764,8.333333333333332,False,False,0.0,0.0,0,GREEN
814,2024-05-07,K (May 2024),14.2,14.35,14.05,14.15,14.0973,-0.101,90246,301,148561,M (Jun 2024),14.72,14.85,14.6,14.71,14.7108,-0.0838,81199.0,604.0,112249.0,260810.0,3014.0,16.0515,15.148000000000001,False,False,False,103122.96,0.8751300389360429,53.17460317460318,False,False,0.0,0.0,0,GREEN
815,2024-05-08,K (May 2024),14.1,14.25,13.85,13.95,13.9112,-0.1861,66146,410,146840,M (Jun 2024),14.7,14.8,14.6,14.61,14.6128,-0.098,55250.0,308.0,125309.0,272149.0,11339.0,15.975999999999999,15.147,False,False,False,103319.64,0.6402074184540325,12.3015873015873,False,False,0.0,0.0,0,GREEN
816,2024-05-09,K (May 2024),14.0,14.06,13.78,13.81,13.8112,-0.1,59210,676,144388,M (Jun 2024),14.6,14.75,14.55,14.55,14.5709,-0.0419,55679.0,1455.0,137512.0,281900.0,9751.0,15.9165,15.136600000000001,False,False,False,103294.24,0.5732168608820782,7.936507936507936,False,False,0.0,0.0,0,GREEN
817,2024-05-10,K (May 2024),13.8,13.87,13.52,13.58,13.5511,-0.2601,67521,177,139175,M (Jun 2024),14.58,14.62,14.35,14.42,14.3785,-0.1924,61571.0,376.0,142466.0,281641.0,-259.0,15.742999999999999,15.126199999999999,False,False,False,103209.9,0.6542104972488104,14.285714285714285,False,False,0.0,0.0,0,GREEN
818,2024-05-13,K (May 2024),13.55,13.9,13.4,13.75,13.8191,0.268,82450,4682,125307,M (Jun 2024),14.41,14.6,14.27,14.49,14.5261,0.1476,74004.0,1183.0,151018.0,276325.0,-5316.0,15.503,15.1206,False,False,False,103296.12,0.7981906774426765,43.65079365079365,False,False,0.0,0.0,0,GREEN
819,2024-05-14,K (May 2024),13.8,13.95,13.45,13.56,13.5162,-0.3029,56713,0,115915,M (Jun 2024),14.5,14.65,14.2,14.23,14.2591,-0.267,63263.0,0.0,153991.0,269906.0,-6419.0,15.273499999999999,15.1106,False,False,False,103268.64,0.5491793055471632,6.349206349206349,False,False,0.0,0.0,0,GREEN
820,2024-05-15,K (May 2024),13.6,13.66,12.85,12.95,12.879,-0.6372,76192,81,109590,M (Jun 2024),14.25,14.3,13.7,13.8,13.7759,-0.4832,91697.0,323.0,163730.0,273320.0,3414.0,15.023500000000002,15.076,False,False,False,101889.5,0.7477904985302706,31.349206349206348,False,False,0.0,0.0,0,GREEN
821,2024-05-16,K (May 2024),12.9,13.1,12.75,12.9,12.8347,-0.0443,67926,67,98754,M (Jun 2024),13.76,13.9,13.7,13.81,13.7394,-0.0365,74043.0,355.0,174608.0,273362.0,42.0,14.800999999999998,15.037799999999999,False,False,False,101433.94,0.6696575130572666,15.079365079365079,False,False,0.0,0.0,0,GREEN
822,2024-05-17,K (May 2024),12.91,13.0,12.6,12.68,12.6503,-0.1844,79428,0,80377,M (Jun 2024),13.82,13.85,13.55,13.61,13.6146,-0.1248,89943.0,0.0,190078.0,270455.0,-2907.0,14.545000000000002,14.999400000000001,False,False,False,101581.94,0.7819106427776433,38.492063492063494,False,False,0.0,0.0,0,GREEN
823,2024-05-20,K (May 2024),12.65,12.8,12.4,12.55,12.5725,-0.0778,58004,0,70644,M (Jun 2024),13.65,13.7,13.45,13.65,13.6021,-0.0125,74240.0,0.0,203425.0,274069.0,3614.0,14.3535,14.9494,False,False,False,99984.76,0.5801284115699233,7.142857142857142,False,False,0.0,0.0,0,GREEN
824,2024-05-21,K (May 2024),12.59,13.0,12.05,12.21,12.1979,-0.3746,88303,0,85640,M (Jun 2024),13.6,13.73,13.3,13.37,13.3887,-0.2134,87996.0,0.0,226923.0,312563.0,38494.0,14.174000000000001,14.8956,False,False,False,99296.08,0.8892898893893898,51.587301587301596,False,False,0.0,0.0,0,GREEN
825,2024-05-22,K (May 2024),12.3,12.47,12.0,12.05,12.0,-0.1979,6196,0,51533,M (Jun 2024),13.36,13.85,13.3,13.58,13.6649,0.2762,111537.0,1003.0,198641.0,250174.0,-62389.0,13.9785,14.857800000000003,False,False,False,96939.62,0.06391607476901602,4.761904761904762,False,False,0.0,0.0,0,GREEN
826,2024-05-23,M (Jun 2024),13.55,14.05,13.25,13.85,13.8561,0.1912,122230,0,192498,N (Jul 2024),14.45,14.8,14.22,14.67,14.6702,0.1562,64133.0,0.0,89035.0,281533.0,,13.891,14.859199999999998,False,False,False,97918.2,1.2482868353380678,79.36507936507937,False,False,0.0,0.0,0,GREEN
827,2024-05-24,M (Jun 2024),13.85,13.95,13.35,13.4,13.4272,-0.4289,77937,369,188543,N (Jul 2024),14.7,14.75,14.25,14.32,14.3147,-0.3555,46241.0,196.0,90372.0,278915.0,-2618.0,13.788500000000003,14.8402,False,False,False,96981.26,0.8036294847066331,35.317460317460316,False,False,0.0,0.0,0,GREEN
828,2024-05-28,M (Jun 2024),13.45,14.0,13.2,13.75,13.7256,0.2984,100189,172,184741,N (Jul 2024),14.3,14.75,14.17,14.57,14.5635,0.2488,54846.0,740.0,89903.0,274644.0,-4271.0,13.7185,14.823200000000002,False,False,True,96525.58,1.0379528411018095,65.47619047619048,False,False,0.0,0.0,1,GREEN
829,2024-05-29,M (Jun 2024),13.71,14.5,13.7,14.48,14.3394,0.6138,115772,0,178426,N (Jul 2024),14.57,15.15,14.55,15.07,14.9519,0.3884,57632.0,0.0,92685.0,271111.0,-3533.0,13.652000000000001,14.826,False,False,True,97383.26,1.1888285522583657,74.60317460317461,False,False,0.0,0.0,1,GREEN
830,2024-05-30,M (Jun 2024),14.45,14.7,13.95,14.4,14.2928,-0.0466,112881,182,176424,N (Jul 2024),15.07,15.25,14.7,14.97,14.903,-0.0489,61519.0,180.0,97564.0,273988.0,2877.0,13.587,14.837,False,False,True,98011.58,1.1517108488609202,73.4126984126984,False,False,0.0,0.0,1,GREEN
831,2024-05-31,M (Jun 2024),14.4,14.7,13.65,13.72,13.7896,-0.5032,135483,0,172154,N (Jul 2024),15.0,15.2,14.5,14.55,14.5813,-0.3217,83084.0,0.0,106761.0,278915.0,4927.0,13.523499999999999,14.8304,False,False,True,100665.7,1.345870539816442,85.71428571428571,False,False,0.0,0.0,1,GREEN
832,2024-06-03,M (Jun 2024),13.75,14.25,13.5,13.68,13.6535,-0.1361,124490,0,166494,N (Jul 2024),14.55,14.95,14.3,14.51,14.5124,-0.0689,74790.0,189.0,108545.0,275039.0,-3876.0,13.48,14.8148,False,False,True,101334.22,1.2285089873884656,81.74603174603175,False,False,0.0,0.0,1,GREEN
833,2024-06-04,M (Jun 2024),13.7,14.25,13.64,13.65,13.7165,0.063,92628,1951,162657,N (Jul 2024),14.51,14.95,14.45,14.51,14.5892,0.0768,56929.0,1561.0,114071.0,276728.0,1689.0,13.4535,14.796800000000001,False,False,True,101766.04,0.9102054084053974,56.34920634920635,False,False,0.0,0.0,1,GREEN
834,2024-06-05,M (Jun 2024),13.67,13.9,13.3,13.38,13.3525,-0.364,85202,0,159425,N (Jul 2024),14.52,14.7,14.3,14.35,14.3946,-0.1946,64516.0,0.0,122065.0,281490.0,4762.0,13.415000000000001,14.776399999999999,False,False,False,102103.34,0.8344682945729298,45.23809523809524,False,False,0.0,0.0,0,GREEN
835,2024-06-06,M (Jun 2024),13.4,13.45,13.2,13.27,13.2562,-0.0963,109732,136,143150,N (Jul 2024),14.35,14.5,14.2,14.31,14.3165,-0.0781,87696.0,320.0,126822.0,269972.0,-11518.0,13.381,14.7554,False,False,False,103048.14,1.0648615297665731,70.23809523809523,False,False,0.0,0.0,0,GREEN
836,2024-06-07,M (Jun 2024),13.27,13.6,12.9,13.0,13.0098,-0.2464,112773,0,135289,N (Jul 2024),14.31,14.57,14.1,14.25,14.2232,-0.0933,85377.0,0.0,140278.0,275567.0,5595.0,13.3405,14.7334,False,False,False,103905.32,1.0853438495738235,72.22222222222221,False,False,0.0,0.0,0,GREEN
837,2024-06-10,M (Jun 2024),13.0,13.6,12.95,13.05,13.0295,0.0197,86987,107,123633,N (Jul 2024),14.25,14.6,14.15,14.23,14.2355,0.0123,75468.0,214.0,149965.0,273598.0,-1969.0,13.313999999999998,14.7064,False,False,False,104098.0,0.8356260446886588,47.61904761904761,False,False,0.0,0.0,0,GREEN
838,2024-06-11,M (Jun 2024),13.0,13.5,12.9,13.0,12.9694,-0.0601,98927,0,108053,N (Jul 2024),14.2,14.55,14.15,14.27,14.2445,0.009,79951.0,120.0,159267.0,267320.0,-6278.0,13.276499999999999,14.6742,False,False,False,104528.9,0.9464081225383603,61.904761904761905,False,False,0.0,0.0,0,GREEN
839,2024-06-12,M (Jun 2024),13.05,13.1,12.45,12.58,12.5556,-0.4138,105661,61,100384,N (Jul 2024),14.26,14.3,13.85,13.98,13.9677,-0.2768,112694.0,356.0,169980.0,270364.0,3044.0,13.227500000000001,14.6276,False,False,False,103729.54,1.018620153911798,66.66666666666666,False,False,0.0,0.0,0,GREEN
840,2024-06-13,M (Jun 2024),12.55,13.05,12.35,12.44,12.4105,-0.1451,111771,0,81802,N (Jul 2024),14.02,14.35,13.9,13.95,13.9653,-0.0024,103341.0,0.0,188433.0,270235.0,-129.0,13.202000000000002,14.578199999999999,False,False,False,103791.42,1.0768809213709574,70.63492063492063,False,False,0.0,0.0,0,GREEN
841,2024-06-14,M (Jun 2024),12.44,13.6,12.4,13.0,12.9549,0.5444,117059,69,71514,N (Jul 2024),13.95,14.7,13.9,14.44,14.4134,0.4481,123578.0,559.0,192579.0,264093.0,-6142.0,13.206999999999999,14.519200000000001,False,True,False,102395.96,1.1431993996638148,75.0,False,False,0.0,0.0,1,GREEN
842,2024-06-17,M (Jun 2024),13.02,13.25,12.55,12.8,12.8015,-0.1534,111314,73,50052,N (Jul 2024),14.42,14.6,14.15,14.32,14.3193,-0.0941,108689.0,1255.0,201999.0,252051.0,-12042.0,13.213,14.455,False,True,False,101540.16,1.0962559050527396,69.44444444444444,False,False,0.0,0.0,1,GREEN
843,2024-06-18,M (Jun 2024),12.8,12.9,12.5,12.6,12.39,-0.4115,2657,0,48645,N (Jul 2024),14.34,14.45,14.1,14.35,14.2961,-0.0232,97729.0,311.0,200124.0,248769.0,-3282.0,13.2155,14.401,False,True,False,99005.62,0.026836860372168772,4.365079365079365,False,False,0.0,0.0,1,GREEN
844,2024-06-20,N (Jul 2024),14.3,14.9,14.15,14.79,14.7681,0.472,135259,0,197686,Q (Aug 2024),15.27,15.77,15.15,15.67,15.6549,0.3585,67515.0,0.0,75827.0,273513.0,,13.3445,14.3972,True,True,True,98985.58,1.366451557893584,85.31746031746032,False,False,0.0,0.0,3,YELLOW
845,2024-06-21,N (Jul 2024),14.78,15.07,14.35,14.55,14.4458,-0.3223,129929,390,190138,Q (Aug 2024),15.67,15.95,15.3,15.37,15.3433,-0.3116,72251.0,16.0,80071.0,270209.0,-3304.0,13.4695,14.379000000000001,True,True,True,98225.3,1.3227651124506619,84.12698412698413,False,False,0.0,0.0,3,YELLOW
846,2024-06-24,N (Jul 2024),14.5,14.85,14.2,14.41,14.3967,-0.0491,91402,454,185065,Q (Aug 2024),15.4,15.58,15.15,15.26,15.2751,-0.0682,50838.0,85.0,83748.0,268813.0,-1396.0,13.497499999999999,14.3672,True,True,True,97535.4,0.9371161650026555,51.19047619047619,False,False,0.0,0.0,3,YELLOW
847,2024-06-25,N (Jul 2024),14.43,14.5,14.0,14.12,14.077,-0.3197,63636,261,177449,Q (Aug 2024),15.26,15.35,14.95,15.02,14.9865,-0.2886,37918.0,0.0,88904.0,266353.0,-2460.0,13.5335,14.308599999999998,False,True,True,94502.94,0.6733758759251299,12.3015873015873,False,False,0.0,0.0,2,YELLOW
848,2024-06-26,N (Jul 2024),14.1,14.21,13.9,13.95,13.9083,-0.1687,83105,0,177412,Q (Aug 2024),15.02,15.1,14.85,14.91,14.8901,-0.0964,48819.0,0.0,91616.0,269028.0,2675.0,13.5435,14.216600000000001,False,True,True,92994.34,0.8936565386667619,40.87301587301587,False,False,0.0,0.0,2,YELLOW
849,2024-06-27,N (Jul 2024),13.95,14.05,13.73,13.78,13.7587,-0.1496,86340,108,170134,Q (Aug 2024),14.9,15.0,14.75,14.8,14.818,-0.0721,44493.0,0.0,97157.0,267291.0,-1737.0,13.508500000000002,14.1292,False,False,True,92482.16,0.933585461239227,43.25396825396825,False,False,0.0,0.0,1,GREEN
850,2024-06-28,N (Jul 2024),13.8,14.1,13.7,14.01,14.0228,0.2641,97931,384,170281,Q (Aug 2024),14.78,14.95,14.7,14.93,14.9402,0.1222,58708.0,224.0,105560.0,275841.0,8550.0,13.488999999999999,14.0504,False,False,True,94417.74,1.0372097446941644,59.12698412698413,False,False,0.0,0.0,1,GREEN
851,2024-07-01,N (Jul 2024),14.0,14.01,13.35,13.4,13.4175,-0.6053,100580,252,169656,Q (Aug 2024),14.94,14.95,14.35,14.4,14.4308,-0.5094,73063.0,127.0,112822.0,282478.0,6637.0,13.473000000000003,13.9714,False,False,False,94317.32,1.0664001055161447,61.111111111111114,False,False,0.0,0.0,0,GREEN
852,2024-07-02,N (Jul 2024),13.4,13.63,13.2,13.23,13.206,-0.2115,85156,271,166667,Q (Aug 2024),14.4,14.6,14.2,14.27,14.296,-0.1348,56423.0,64.0,117784.0,284451.0,1973.0,13.4505,13.88,False,False,False,92781.38,0.9178134664519971,40.87301587301587,False,False,0.0,0.0,0,GREEN
853,2024-07-03,N (Jul 2024),13.25,13.3,13.1,13.3,13.2699,0.0639,54043,71,159790,Q (Aug 2024),14.25,14.4,14.2,14.35,14.3482,0.0522,40304.0,79.0,121426.0,281216.0,-3235.0,13.433000000000002,13.818399999999999,False,False,False,91098.82,0.5932349068846335,5.158730158730158,False,False,0.0,0.0,0,GREEN
854,2024-07-05,N (Jul 2024),13.2,13.45,13.12,13.33,13.3033,0.0334,88837,126,150801,Q (Aug 2024),14.31,14.5,14.15,14.4,14.3738,0.0256,64350.0,173.0,126968.0,277769.0,-3447.0,13.4305,13.769,False,False,False,91047.54,0.9757210354063384,46.82539682539682,False,False,0.0,0.0,0,GREEN
855,2024-07-08,N (Jul 2024),13.35,13.35,12.95,13.1,13.082,-0.2213,80171,137,143829,Q (Aug 2024),14.39,14.41,14.05,14.16,14.1818,-0.192,73452.0,235.0,136011.0,279840.0,2071.0,13.422,13.7118,False,False,False,90308.62,0.8877447136275585,35.317460317460316,False,False,0.0,0.0,0,GREEN
856,2024-07-09,N (Jul 2024),13.1,13.15,12.95,13.05,12.9957,-0.0863,76267,29,129539,Q (Aug 2024),14.16,14.3,14.05,14.23,14.2194,0.0376,64587.0,63.0,147759.0,277298.0,-2542.0,13.4245,13.6608,False,True,False,89391.24,0.8531820343917368,27.380952380952383,False,False,0.0,0.0,1,GREEN
857,2024-07-10,N (Jul 2024),13.0,13.05,12.79,12.96,12.9335,-0.0622,70352,500,115312,Q (Aug 2024),14.23,14.25,13.99,14.2,14.1545,-0.0649,81668.0,477.0,159677.0,274989.0,-2309.0,13.419999999999998,13.611,False,False,False,88847.6,0.7918278040149649,19.444444444444446,False,False,0.0,0.0,0,GREEN
858,2024-07-11,N (Jul 2024),13.0,13.4,12.7,13.12,13.1184,0.1849,141021,210,100532,Q (Aug 2024),14.18,14.45,13.95,14.25,14.1965,0.042,130416.0,0.0,172956.0,273488.0,-1501.0,13.425999999999998,13.5704,False,True,False,90153.36,1.5642345443364507,89.68253968253968,False,False,0.0,0.0,1,GREEN
859,2024-07-12,N (Jul 2024),13.1,13.15,12.6,12.85,12.8311,-0.2873,109296,69,85553,Q (Aug 2024),14.21,14.25,13.75,13.96,14.0232,-0.1733,115963.0,371.0,190725.0,276278.0,2790.0,13.4395,13.5112,False,True,False,90212.06,1.2115453299702945,68.25396825396825,False,False,0.0,0.0,1,GREEN
860,2024-07-15,N (Jul 2024),12.85,13.2,12.7,13.14,13.1369,0.3058,104648,510,64088,Q (Aug 2024),14.0,14.3,13.8,14.25,14.219,0.1958,119362.0,240.0,197943.0,262031.0,-14247.0,13.4745,13.46,False,True,False,89756.26,1.1659131073420395,64.28571428571429,False,False,0.0,0.0,1,GREEN
861,2024-07-16,N (Jul 2024),13.13,13.45,12.95,13.09,13.1593,0.0224,80132,370,44980,Q (Aug 2024),14.21,14.35,14.1,14.26,14.3356,0.1166,112576.0,345.0,202603.0,247583.0,-14448.0,13.479000000000003,13.422,False,True,False,89429.82,0.8960322183361209,35.317460317460316,False,False,0.0,0.0,1,GREEN
862,2024-07-17,N (Jul 2024),13.05,13.9,13.0,13.9,13.89,0.7307,5056,0,42809,Q (Aug 2024),14.3,15.05,14.2,14.75,14.808,0.4724,181530.0,544.0,200133.0,242942.0,-4641.0,13.534,13.409,True,True,True,87299.28,0.05791571247781196,4.761904761904762,False,False,0.0,0.0,3,YELLOW
863,2024-07-18,Q (Aug 2024),14.75,15.5,14.4,15.3,15.2934,0.4854,166976,130,198566,U (Sep 2024),15.75,16.3,15.45,16.06,16.0481,0.2638,80387.0,0.0,102397.0,300963.0,,13.669,13.431399999999998,True,True,True,89443.3,1.8668363085887931,97.22222222222221,True,True,1.0,1.0,5,ORANGE
864,2024-07-19,Q (Aug 2024),15.25,16.15,15.23,15.9,15.9169,0.6235,182927,1727,185843,U (Sep 2024),16.07,16.7,16.02,16.55,16.5074,0.4593,79815.0,150.0,105748.0,291591.0,-9372.0,13.7245,13.466399999999998,True,True,True,91296.92,2.0036491921085617,98.01587301587301,True,True,2.0,2.0,6,RED
865,2024-07-22,Q (Aug 2024),15.9,16.2,14.95,15.1,15.0439,-0.873,133943,0,180132,U (Sep 2024),16.55,16.8,15.75,15.81,15.7971,-0.7103,56851.0,0.0,105236.0,285368.0,-6223.0,13.752,13.4894,True,True,True,92652.86,1.4456434480274003,83.73015873015873,False,False,2.0,2.0,4,ORANGE
866,2024-07-23,Q (Aug 2024),15.1,15.4,14.69,14.82,14.9323,-0.1116,115837,1520,179426,U (Sep 2024),15.85,16.05,15.55,15.67,15.6963,-0.1008,54456.0,264.0,108063.0,287489.0,2121.0,13.772499999999999,13.5096,True,True,True,93785.4,1.2351282822272978,71.82539682539682,False,False,2.0,2.0,4,ORANGE
867,2024-07-24,Q (Aug 2024),14.85,17.25,14.84,17.06,17.072,2.1397,231402,0,179669,U (Sep 2024),15.69,17.55,15.65,17.4,17.4566,1.7603,104740.0,162.0,113662.0,293331.0,5842.0,13.9195,13.5792,True,True,True,97063.02,2.3840387410158885,100.0,True,True,3.0,3.0,7,RED
868,2024-07-25,Q (Aug 2024),17.05,17.95,16.09,17.18,17.1444,0.0724,227721,2900,174334,U (Sep 2024),17.45,18.02,16.7,17.59,17.5661,0.1095,125756.0,968.0,116032.0,290366.0,-2965.0,14.081,13.647800000000002,True,True,True,99968.44,2.277928914365374,99.60317460317461,True,True,3.0,4.0,7,RED
869,2024-07-26,Q (Aug 2024),17.15,17.15,16.05,16.08,16.1771,-0.9673,115861,0,171084,U (Sep 2024),17.55,17.55,16.65,16.65,16.718,-0.8481,65874.0,0.0,112176.0,283260.0,-7106.0,14.196000000000002,13.6982,True,True,True,101151.4,1.1454216155189152,71.03174603174604,False,False,2.0,4.0,5,ORANGE
870,2024-07-29,Q (Aug 2024),16.1,16.36,15.7,15.96,15.9722,-0.2049,97700,0,165261,U (Sep 2024),16.65,16.8,16.3,16.43,16.3991,-0.3189,61487.0,207.0,115547.0,280808.0,-2452.0,14.2935,13.7584,True,True,True,101581.56,0.9617887340970153,56.34920634920635,False,False,2.0,4.0,5,ORANGE
871,2024-07-30,Q (Aug 2024),15.95,17.1,15.73,16.6,16.4855,0.5133,115213,0,162110,U (Sep 2024),16.41,17.35,16.25,16.95,16.8294,0.4303,70309.0,0.0,118797.0,280907.0,99.0,14.4535,13.8324,True,True,True,102527.3,1.123729972407349,70.23809523809523,False,False,2.0,4.0,5,ORANGE
872,2024-07-31,Q (Aug 2024),16.65,16.65,15.35,15.83,15.9994,-0.4861,134585,160,155571,U (Sep 2024),16.98,16.98,15.93,16.38,16.4934,-0.336,79840.0,0.0,123507.0,279078.0,-1829.0,14.5835,13.8954,True,True,True,103630.44,1.298701424021745,83.33333333333334,False,False,1.0,4.0,4,ORANGE
873,2024-08-01,Q (Aug 2024),15.85,18.2,15.65,17.7,17.4669,1.4675,201973,318,166539,U (Sep 2024),16.4,18.35,16.21,17.95,17.8469,1.3535,135023.0,477.0,133792.0,300331.0,21253.0,14.803500000000003,13.998399999999998,True,True,True,106509.82,1.8962852439333762,98.80952380952381,True,True,1.0,4.0,6,RED
874,2024-08-02,Q (Aug 2024),17.65,23.0,17.65,22.5,21.8527,4.3858,361047,1188,174657,U (Sep 2024),17.9,22.2,17.9,22.1,21.9844,4.1375,290664.0,1097.0,160896.0,335553.0,35222.0,15.262,14.2042,True,True,True,111964.7,3.224650269236643,100.0,True,True,2.0,4.0,7,RED
875,2024-08-05,Q (Aug 2024),23.0,37.1,22.65,31.0,32.0986,10.2459,327852,0,164777,U (Sep 2024),22.1,35.0,22.1,29.25,30.3911,8.4067,262870.0,45.0,173725.0,338502.0,2949.0,16.157,14.5832,True,True,True,118397.82,2.769071254859253,99.60317460317461,True,True,3.0,5.0,7,RED
876,2024-08-06,Q (Aug 2024),30.65,30.72,21.85,24.36,25.7702,-6.3284,224511,3583,145439,U (Sep 2024),28.95,29.0,21.45,23.5,24.8657,-5.5254,192282.0,2514.0,157519.0,302958.0,-35544.0,16.7225,14.793400000000002,True,True,True,120443.44,1.8640367628158079,98.4126984126984,True,True,4.0,6.0,7,RED
877,2024-08-07,Q (Aug 2024),24.5,25.95,21.3,25.75,25.0766,-0.6936,154856,0,135726,U (Sep 2024),23.65,24.45,20.85,24.2,23.5773,-1.2884,151317.0,224.0,155109.0,290835.0,-12123.0,17.362000000000002,15.0404,True,True,True,121981.82,1.269500651818443,91.26984126984127,False,True,5.0,6.0,6,RED
878,2024-08-08,Q (Aug 2024),25.85,26.07,22.25,22.3,22.6885,-2.3881,102199,0,131166,U (Sep 2024),24.1,24.45,21.35,21.36,21.7279,-1.8494,109496.0,0.0,165246.0,296412.0,5577.0,17.821,15.2114,True,True,True,122022.02,0.8375455512046104,59.12698412698413,False,False,4.0,5.0,5,ORANGE
879,2024-08-09,Q (Aug 2024),22.3,23.0,19.39,19.59,19.4971,-3.1914,110589,1294,119550,U (Sep 2024),21.36,22.1,18.7,19.0,18.8533,-2.8746,114850.0,16.0,162989.0,282539.0,-13873.0,18.157999999999998,15.3136,True,True,True,121918.36,0.9070742093315559,65.87301587301587,False,False,3.0,5.0,5,ORANGE
880,2024-08-12,Q (Aug 2024),19.45,19.85,17.85,19.5,19.4647,-0.0324,121608,1015,104909,U (Sep 2024),18.9,19.35,17.66,18.91,18.8303,-0.023,131193.0,0.0,150749.0,255658.0,-26881.0,18.476,15.4156,True,True,True,122092.9,0.9960284340858477,75.0,False,False,2.0,5.0,5,ORANGE
881,2024-08-13,Q (Aug 2024),19.5,19.74,17.48,17.65,17.5452,-1.9195,89284,80,95947,U (Sep 2024),18.95,19.2,17.35,17.5,17.4046,-1.4257,102805.0,0.0,153066.0,249013.0,-6645.0,18.704,15.494200000000001,True,True,False,121168.92,0.7368556227124909,44.84126984126984,False,False,1.0,5.0,3,YELLOW
882,2024-08-14,Q (Aug 2024),17.65,17.9,16.2,16.3,16.2453,-1.2999,84158,688,86295,U (Sep 2024),17.4,17.6,16.2,16.31,16.2629,-1.1417,116066.0,920.0,153775.0,240070.0,-8943.0,18.824,15.546600000000002,True,True,False,120362.28,0.6992057644637506,37.698412698412696,False,False,0.0,5.0,3,YELLOW
883,2024-08-15,Q (Aug 2024),16.3,16.5,15.0,15.35,15.3485,-0.8968,102519,284,70698,U (Sep 2024),16.33,16.55,15.5,15.8,15.7452,-0.5177,118956.0,0.0,165498.0,236196.0,-3874.0,18.8265,15.580599999999999,False,True,False,120560.1,0.8503559635401762,59.92063492063492,False,False,0.0,4.0,2,YELLOW
884,2024-08-16,Q (Aug 2024),15.35,15.8,15.07,15.4,15.2799,-0.0686,54176,69,62725,U (Sep 2024),15.81,16.25,15.6,15.84,15.6896,-0.0556,87285.0,508.0,173373.0,236098.0,-98.0,18.8015,15.621000000000002,False,False,False,119939.58,0.45169409464331955,5.158730158730158,False,False,0.0,3.0,1,GREEN
885,2024-08-19,Q (Aug 2024),15.26,15.9,14.65,14.8,14.7848,-0.4951,61144,0,53311,U (Sep 2024),15.8,16.1,15.25,15.4,15.3728,-0.3168,104228.0,0.0,185431.0,238742.0,2644.0,18.7865,15.6516,False,False,False,118967.82,0.513954109607119,10.714285714285714,False,False,0.0,2.0,0,GREEN
886,2024-08-20,Q (Aug 2024),14.85,16.0,14.75,16.0,15.8801,1.0953,79249,109,36547,U (Sep 2024),15.45,16.15,15.35,16.1,16.0407,0.6679,131168.0,2838.0,182319.0,218866.0,-19876.0,18.845499999999998,15.7116,True,True,False,118297.34,0.6699136261221089,31.746031746031743,False,False,0.0,1.0,2,YELLOW
887,2024-08-21,Q (Aug 2024),15.96,16.2,15.75,15.9,16.11,0.2299,1424,0,34988,U (Sep 2024),16.1,16.65,15.9,16.22,16.228,0.1873,102577.0,210.0,179077.0,214065.0,-4801.0,18.7875,15.7686,True,False,False,116586.08,0.012214151123358809,0.7936507936507936,False,False,0.0,0.0,1,GREEN
888,2024-08-22,U (Sep 2024),16.2,17.1,16.0,16.9,17.0095,0.7815,96785,0,175279,V (Oct 2024),18.45,19.15,18.32,18.95,19.0438,0.5647,49553.0,0.0,87002.0,262281.0,,18.7735,15.846599999999999,True,False,False,116543.24,0.8304642980579569,54.761904761904766,False,False,0.0,0.0,1,GREEN
889,2024-08-23,U (Sep 2024),16.9,16.95,15.8,15.9,15.9286,-1.0809,108353,1145,174095,V (Oct 2024),18.92,19.0,17.95,18.0,18.0591,-0.9847,51474.0,134.0,95498.0,269593.0,7312.0,18.7645,15.913000000000002,False,False,False,116597.08,0.9292942842136356,64.68253968253968,False,False,0.0,0.0,0,GREEN
890,2024-08-26,U (Sep 2024),15.8,16.3,15.65,16.03,15.947,0.0184,68814,0,170479,V (Oct 2024),17.95,18.36,17.8,18.02,17.9583,-0.1008,47581.0,0.0,99431.0,269910.0,317.0,18.768,15.9848,True,True,False,115737.94,0.5945673475785036,17.063492063492063,False,False,0.0,0.0,2,YELLOW
891,2024-08-27,U (Sep 2024),16.05,16.3,15.5,15.5,15.5794,-0.3676,64274,440,168765,V (Oct 2024),18.04,18.25,17.6,17.6,17.6572,-0.3011,44030.0,0.0,105708.0,274473.0,4563.0,18.713,16.0348,False,False,False,114682.24,0.5604529524362273,13.095238095238097,False,False,0.0,0.0,0,GREEN
892,2024-08-28,U (Sep 2024),15.55,16.85,15.4,16.55,16.5703,0.9909,100247,289,164212,V (Oct 2024),17.65,18.6,17.5,18.34,18.3952,0.738,52619.0,286.0,108306.0,272518.0,-1955.0,18.749000000000002,16.1098,True,True,False,114460.9,0.8758187293652243,58.333333333333336,False,False,0.0,0.0,2,YELLOW
893,2024-08-29,U (Sep 2024),16.55,17.05,15.6,15.75,15.9351,-0.6352,90911,113,159923,V (Oct 2024),18.35,18.65,17.7,17.8,17.8579,-0.5373,52462.0,0.0,115697.0,275620.0,3102.0,18.6515,16.1728,False,False,False,116225.98,0.7821917268411073,47.22222222222222,False,False,0.0,0.0,0,GREEN
894,2024-08-30,U (Sep 2024),15.8,16.0,15.3,15.4,15.411,-0.5241,84002,87,153840,V (Oct 2024),17.81,17.85,17.35,17.39,17.4021,-0.4558,60280.0,50.0,126212.0,280052.0,4432.0,18.296499999999998,16.185,False,False,False,115200.84,0.7291787108496779,38.095238095238095,False,False,0.0,0.0,0,GREEN
895,2024-09-03,U (Sep 2024),15.45,19.8,15.3,19.08,19.1208,3.7098,198718,1110,143341,V (Oct 2024),17.35,20.7,17.25,20.21,20.1829,2.7808,135613.0,807.0,115861.0,259202.0,-20850.0,17.700499999999998,16.2756,True,False,True,116576.62,1.7046128117284582,97.22222222222221,False,True,1.0,1.0,3,YELLOW
896,2024-09-04,U (Sep 2024),19.05,20.35,18.15,19.6,19.5445,0.4237,173783,160,136448,V (Oct 2024),20.16,21.4,19.4,20.56,20.5578,0.3749,121600.0,0.0,118701.0,255149.0,-4053.0,17.4625,16.3794,True,False,True,118224.24,1.4699438964462785,95.63492063492063,False,True,2.0,2.0,4,ORANGE
897,2024-09-05,U (Sep 2024),19.6,19.75,18.25,18.86,18.7523,-0.7922,129506,709,128868,V (Oct 2024),20.55,20.6,19.4,19.77,19.6891,-0.8687,89696.0,1373.0,122344.0,251212.0,-3937.0,17.118000000000002,16.4742,True,False,True,119541.64,1.083354720581046,81.74603174603175,False,False,2.0,2.0,3,YELLOW
898,2024-09-06,U (Sep 2024),18.85,21.55,18.05,20.95,20.4643,1.712,194456,0,123714,V (Oct 2024),19.77,21.6,19.05,21.35,20.9192,1.2301,120996.0,0.0,128211.0,251925.0,713.0,17.0505,16.614199999999997,True,False,True,121768.66,1.5969297847245751,96.82539682539682,False,True,3.0,3.0,5,ORANGE
899,2024-09-09,U (Sep 2024),21.05,21.05,18.4,18.61,18.7253,-1.739,109715,0,110034,V (Oct 2024),21.25,21.3,19.5,19.57,19.7187,-1.2005,97910.0,0.0,127999.0,238033.0,-13892.0,17.0015,16.7108,True,False,True,122236.16,0.8975658266751835,64.28571428571429,False,False,3.0,3.0,4,ORANGE
900,2024-09-10,U (Sep 2024),18.6,19.8,18.2,18.37,18.2864,-0.4389,108168,0,102292,V (Oct 2024),19.6,20.47,19.25,19.45,19.3349,-0.3838,82681.0,0.0,137158.0,239450.0,1417.0,16.945,16.798,True,False,True,122440.9,0.8834302916754124,62.301587301587304,False,False,2.0,3.0,4,ORANGE
901,2024-09-11,U (Sep 2024),18.35,20.35,17.2,17.45,17.2328,-1.0536,159598,370,88397,V (Oct 2024),19.4,20.68,18.55,18.73,18.6085,-0.7264,120680.0,240.0,140078.0,228475.0,-10975.0,16.935,16.879,True,False,True,123621.26,1.291023890227296,91.66666666666666,False,True,2.0,4.0,5,ORANGE
902,2024-09-12,U (Sep 2024),17.45,18.1,16.85,17.0,16.9479,-0.2849,96095,0,81125,V (Oct 2024),18.77,19.2,18.45,18.55,18.5068,-0.1017,87222.0,0.0,139398.0,220523.0,-7952.0,16.97,16.9544,True,True,True,123840.04,0.7759606666793712,50.0,False,False,2.0,4.0,5,ORANGE
903,2024-09-13,U (Sep 2024),17.05,17.15,16.35,16.75,16.703,-0.2449,72228,0,72309,V (Oct 2024),18.55,18.7,18.05,18.48,18.4866,-0.0202,88959.0,0.0,146262.0,218571.0,-1952.0,17.04,17.023400000000002,False,True,False,124203.74,0.5815283823176339,21.825396825396826,False,False,1.0,4.0,2,YELLOW
904,2024-09-16,U (Sep 2024),16.8,17.5,16.8,17.18,17.0904,0.3874,65103,0,61106,V (Oct 2024),18.6,19.1,18.37,18.7,18.6622,0.1756,86736.0,0.0,159409.0,220515.0,1944.0,17.128999999999998,17.1004,True,True,True,123729.06,0.5261738834837992,13.492063492063492,False,False,1.0,4.0,4,ORANGE
905,2024-09-17,U (Sep 2024),17.15,17.95,16.73,17.7,17.8331,0.7427,85315,0,48126,V (Oct 2024),18.7,19.3,18.41,18.94,19.032,0.3698,108834.0,0.0,156996.0,205122.0,-15393.0,17.273999999999997,17.1924,True,True,True,123831.94,0.6889579538203149,39.682539682539684,False,False,1.0,3.0,4,ORANGE
906,2024-09-18,U (Sep 2024),17.75,17.9,17.55,17.8,18.69,0.8569,1311,0,47472,V (Oct 2024),18.9,19.25,17.95,18.89,18.7393,-0.2927,140816.0,529.0,151168.0,198640.0,-6482.0,17.364,17.2874,True,True,True,122332.82,0.010716666222523112,0.7936507936507936,False,False,0.0,2.0,3,YELLOW
907,2024-09-19,V (Oct 2024),18.85,18.9,17.85,18.0,18.0222,-0.7171,103600,0,154204,X (Nov 2024),18.52,18.52,17.66,17.79,17.7952,-0.6102,47119.0,0.0,75287.0,229491.0,,17.469,17.388199999999998,True,True,True,122997.78,0.8422916251008759,58.730158730158735,False,False,0.0,2.0,3,YELLOW
908,2024-09-20,V (Oct 2024),18.05,18.25,17.7,18.06,17.9542,-0.068,76858,250,149839,X (Nov 2024),17.8,17.95,17.5,17.77,17.7076,-0.0876,49932.0,0.0,78408.0,228247.0,-1244.0,17.527,17.487000000000002,True,True,True,121714.52,0.6314612258258094,27.77777777777778,False,False,0.0,1.0,3,YELLOW
909,2024-09-23,V (Oct 2024),18.0,18.21,17.6,18.0,18.0066,0.0524,50902,0,148282,X (Nov 2024),17.75,17.95,17.4,17.73,17.7088,0.0012,33480.0,0.0,79970.0,228252.0,5.0,17.631999999999998,17.59,True,True,True,120546.64,0.42225979919473494,5.158730158730158,False,False,0.0,1.0,3,YELLOW
910,2024-09-24,V (Oct 2024),18.1,18.7,17.75,18.09,18.0531,0.0465,68073,0,145808,X (Nov 2024),17.7,18.15,17.5,17.67,17.6609,-0.0479,34221.0,0.0,82867.0,228675.0,423.0,17.735,17.689,True,True,True,119815.14,0.5681502354376917,16.666666666666664,False,False,0.0,1.0,3,YELLOW
911,2024-09-25,V (Oct 2024),18.05,18.4,17.9,18.23,18.3144,0.2613,50922,0,143921,X (Nov 2024),17.65,17.95,17.6,17.83,17.9062,0.2453,34835.0,1100.0,84940.0,228861.0,186.0,17.8715,17.7918,True,True,True,119230.94,0.4270871302364973,5.555555555555555,False,False,0.0,0.0,3,YELLOW
912,2024-09-26,V (Oct 2024),18.25,18.55,17.84,18.3,18.2977,-0.0167,56356,0,138493,X (Nov 2024),17.85,18.02,17.5,17.84,17.844,-0.0622,32056.0,0.0,88682.0,227175.0,-1686.0,17.959,17.8798,True,True,True,120256.94,0.46862991857268277,7.5396825396825395,False,False,0.0,0.0,3,YELLOW
913,2024-09-27,V (Oct 2024),18.3,19.4,18.15,19.31,19.2552,0.9575,75032,546,132550,X (Nov 2024),17.8,18.6,17.75,18.58,18.5204,0.6764,44437.0,420.0,91589.0,224139.0,-3036.0,18.137,17.96,True,True,True,118418.06,0.6336195678260563,26.190476190476193,False,False,0.0,0.0,3,YELLOW
914,2024-09-30,V (Oct 2024),19.35,19.95,18.75,18.8,18.8425,-0.4127,108942,152,129809,X (Nov 2024),18.65,18.9,18.05,18.15,18.0975,-0.4229,65718.0,0.0,97653.0,227462.0,3323.0,18.307000000000002,18.018,True,True,True,116938.36,0.9316190170616383,65.07936507936508,False,False,0.0,0.0,3,YELLOW
915,2024-10-01,V (Oct 2024),18.85,20.7,18.65,20.55,20.4666,1.6241,159310,120,117314,X (Nov 2024),18.15,19.55,17.95,19.39,19.2892,1.1917,98880.0,0.0,100162.0,217476.0,-9986.0,18.380499999999998,18.127,True,True,True,117445.7,1.3564566433679563,92.06349206349206,False,True,1.0,1.0,4,ORANGE
916,2024-10-02,V (Oct 2024),20.45,21.15,19.9,20.07,20.1015,-0.3651,82430,0,113917,X (Nov 2024),19.42,19.85,19.0,19.1,19.1061,-0.1831,63126.0,0.0,107187.0,221104.0,3628.0,18.404000000000003,18.232,True,True,True,116777.56,0.7058719158030019,37.698412698412696,False,False,1.0,1.0,3,YELLOW
917,2024-10-03,V (Oct 2024),20.05,21.3,20.0,21.2,21.0732,0.9717,99659,0,109594,X (Nov 2024),19.16,20.0,19.03,19.95,19.9132,0.8071,69545.0,0.0,113354.0,222948.0,1844.0,18.521,18.3148,True,True,True,114142.7,0.8731088365703633,57.14285714285714,False,False,1.0,1.0,3,YELLOW
918,2024-10-04,V (Oct 2024),21.2,21.25,20.15,20.4,20.2031,-0.8701,80297,216,105833,X (Nov 2024),20.0,20.05,19.05,19.25,19.1629,-0.7503,59107.0,324.0,119068.0,224901.0,1953.0,18.4935,18.379199999999997,True,False,True,111194.22,0.7221328590640772,36.11111111111111,False,False,1.0,1.0,2,YELLOW
919,2024-10-07,V (Oct 2024),20.35,22.75,20.2,22.35,22.5656,2.3625,112960,0,98657,X (Nov 2024),19.25,20.8,19.02,20.57,20.6485,1.4856,94908.0,120.0,129552.0,228209.0,3308.0,18.680500000000002,18.5046,True,True,True,111136.2,1.0164104945103396,71.42857142857143,False,False,1.0,1.0,3,YELLOW
920,2024-10-08,V (Oct 2024),22.35,22.81,21.15,21.45,21.4558,-1.1098,79915,0,87134,X (Nov 2024),20.55,20.87,19.6,19.94,19.894,-0.7545,85880.0,0.0,133784.0,220918.0,-7291.0,18.8345,18.6144,True,True,True,110780.5,0.7213814705656681,34.92063492063492,False,False,0.0,1.0,3,YELLOW
921,2024-10-09,V (Oct 2024),21.45,21.6,20.7,21.04,20.8987,-0.5571,66651,0,76457,X (Nov 2024),19.9,20.02,19.3,19.46,19.3484,-0.5456,70639.0,0.0,135339.0,211796.0,-9122.0,19.014,18.7032,True,True,True,109809.26,0.6069706689581553,15.873015873015872,False,False,0.0,1.0,3,YELLOW
922,2024-10-10,V (Oct 2024),21.0,21.65,20.72,21.4,21.3948,0.4961,74918,0,73262,X (Nov 2024),19.45,19.85,19.12,19.65,19.5553,0.2069,70110.0,0.0,140606.0,213868.0,2072.0,19.234,18.8146,True,True,True,108615.92,0.6897515575985547,26.58730158730159,False,False,0.0,1.0,3,YELLOW
923,2024-10-11,V (Oct 2024),21.4,21.72,20.85,21.2,21.1276,-0.2672,61073,236,62400,X (Nov 2024),19.6,19.85,19.18,19.37,19.3402,-0.2151,67021.0,702.0,147071.0,209471.0,-4397.0,19.4565,18.8846,True,True,True,105797.92,0.5772608762062619,11.904761904761903,False,False,0.0,1.0,3,YELLOW
924,2024-10-14,V (Oct 2024),21.15,21.25,19.95,20.01,20.2002,-0.9274,53771,225,47302,X (Nov 2024),19.35,19.4,18.45,18.52,18.6485,-0.6917,71719.0,0.0,152290.0,199592.0,-9879.0,19.598,18.8348,True,True,True,99652.4,0.5395855995440151,5.952380952380952,False,False,0.0,1.0,3,YELLOW
925,2024-10-15,V (Oct 2024),20.0,21.25,19.65,21.15,20.9675,0.7673,98142,0,31067,X (Nov 2024),18.55,19.4,18.2,19.31,19.305,0.6565,136134.0,120.0,167511.0,198578.0,-1014.0,19.770500000000002,18.6378,True,True,True,95058.2,1.0324411781413914,58.730158730158735,False,False,0.0,0.0,3,YELLOW
926,2024-10-16,V (Oct 2024),21.2,21.55,20.95,20.95,20.97,0.0025,1283,0,30570,X (Nov 2024),19.35,19.55,18.95,19.1,19.0531,-0.2519,66917.0,0.0,163509.0,194079.0,-4499.0,19.928,18.5696,True,True,True,90593.64,0.01416214206648502,0.7936507936507936,False,False,0.0,0.0,3,YELLOW
927,2024-10-17,X (Nov 2024),19.1,19.3,18.7,18.75,18.7641,-0.289,55833,0,156764,Z (Dec 2024),18.5,18.7,18.25,18.25,18.3153,-0.1789,34609.0,0.0,69842.0,226606.0,,19.9655,18.4296,True,True,False,88613.18,0.6300755711509282,7.936507936507936,False,False,0.0,0.0,2,YELLOW
928,2024-10-18,X (Nov 2024),18.75,18.85,18.25,18.26,18.3002,-0.4639,59676,1030,155256,Z (Dec 2024),18.25,18.32,17.9,17.92,17.9419,-0.3734,28259.0,89.0,70699.0,225955.0,-651.0,19.9755,18.3488,False,True,False,87762.72,0.6799698095045368,11.904761904761903,False,False,0.0,0.0,1,GREEN
929,2024-10-21,X (Nov 2024),18.3,18.85,18.15,18.35,18.3564,0.0562,53950,0,152729,Z (Dec 2024),17.95,18.35,17.8,17.9,17.9371,-0.0048,31798.0,0.0,75570.0,228299.0,2344.0,19.993000000000002,18.324,True,True,False,86629.94,0.6227639081823212,6.349206349206349,False,False,0.0,0.0,2,YELLOW
930,2024-10-22,X (Nov 2024),18.35,18.85,18.15,18.35,18.2834,-0.073,54562,0,150646,Z (Dec 2024),17.95,18.32,17.75,17.94,17.844,-0.0931,32576.0,0.0,80723.0,231369.0,3070.0,20.006,18.301,True,True,False,85289.02,0.639730647626154,7.936507936507936,False,False,0.0,0.0,2,YELLOW
931,2024-10-23,X (Nov 2024),18.4,19.8,18.35,19.15,19.274,0.9906,97907,0,150301,Z (Dec 2024),17.95,18.95,17.95,18.52,18.6272,0.7832,44673.0,0.0,84431.0,234732.0,3363.0,20.052,18.331000000000003,True,True,False,85461.48,1.1456272463336699,59.92063492063492,False,False,0.0,0.0,2,YELLOW
932,2024-10-24,X (Nov 2024),19.14,19.85,18.75,18.95,18.9021,-0.3719,75685,0,145439,Z (Dec 2024),18.55,19.0,18.22,18.36,18.3654,-0.2618,42625.0,0.0,88191.0,233630.0,-1102.0,20.0845,18.384,True,True,False,85292.02,0.8873632023253758,29.761904761904763,False,False,0.0,0.0,2,YELLOW
933,2024-10-25,X (Nov 2024),18.92,19.95,18.45,19.9,19.8968,0.9947,92483,811,144048,Z (Dec 2024),18.4,19.06,18.05,19.03,19.0437,0.6783,52942.0,315.0,87700.0,231748.0,-1882.0,20.113999999999997,18.475,True,True,False,85091.3,1.0868678701582888,54.761904761904766,False,False,0.0,0.0,2,YELLOW
934,2024-10-28,X (Nov 2024),19.55,19.6,18.55,18.76,18.7978,-1.099,88013,0,132838,Z (Dec 2024),18.9,18.97,18.05,18.25,18.2452,-0.7985,45891.0,0.0,91206.0,224044.0,-7704.0,20.112,18.542199999999998,True,False,False,85768.04,1.026174784919884,49.60317460317461,False,False,0.0,0.0,1,GREEN
935,2024-10-29,X (Nov 2024),18.75,19.1,18.45,18.72,18.7575,-0.0403,55728,0,132764,Z (Dec 2024),18.24,18.42,17.95,18.19,18.1953,-0.0499,43726.0,0.0,90915.0,223679.0,-365.0,20.020500000000002,18.6206,True,False,False,85659.72,0.650574155507396,8.333333333333332,False,False,0.0,0.0,1,GREEN
936,2024-10-30,X (Nov 2024),18.7,19.4,18.55,19.33,19.3182,0.5607,67226,0,132420,Z (Dec 2024),18.17,18.65,18.07,18.57,18.5536,0.3583,43233.0,0.0,94854.0,227274.0,3595.0,19.9835,18.6872,True,False,False,85419.26,0.7870122031026727,19.444444444444446,False,False,0.0,0.0,1,GREEN
937,2024-10-31,X (Nov 2024),19.3,21.05,19.3,20.86,20.9579,1.6397,141898,150,135055,Z (Dec 2024),18.6,19.8,18.57,19.69,19.7307,1.1771,87725.0,0.0,100893.0,235948.0,8674.0,19.9665,18.7864,True,False,True,88228.74,1.6082967976194604,90.47619047619048,False,True,1.0,1.0,3,YELLOW
938,2024-11-01,X (Nov 2024),20.9,20.95,19.75,20.45,20.488,-0.4699,100929,443,128927,Z (Dec 2024),19.7,19.8,18.9,19.41,19.4768,-0.2539,66842.0,409.0,102659.0,231586.0,-4362.0,19.969,18.8574,True,True,True,88311.62,1.1428733840461764,65.87301587301587,False,False,1.0,1.0,3,YELLOW
939,2024-11-04,X (Nov 2024),20.3,20.45,19.4,19.45,19.5077,-0.9803,93006,0,128966,Z (Dec 2024),19.45,19.5,18.65,18.69,18.7211,-0.7557,67264.0,0.0,106253.0,235219.0,3633.0,19.823999999999998,18.9284,True,False,False,88004.68,1.056830159486973,57.14285714285714,False,False,1.0,1.0,1,GREEN
940,2024-11-05,X (Nov 2024),19.45,19.6,18.16,18.23,18.3442,-1.1635,100618,2250,126945,Z (Dec 2024),18.7,18.82,17.77,17.82,17.8957,-0.8254,65009.0,0.0,109613.0,236558.0,1339.0,19.663,18.9724,False,False,False,88640.76,1.135121133889195,65.87301587301587,False,False,1.0,1.0,0,GREEN
941,2024-11-06,X (Nov 2024),18.25,18.4,15.9,16.24,16.246,-2.0982,179104,2675,121088,Z (Dec 2024),17.75,17.94,16.05,16.26,16.2785,-1.6172,134905.0,0.0,108340.0,229428.0,-7130.0,19.423000000000002,18.9872,False,False,False,90937.36,1.9695315544678227,95.63492063492063,True,True,2.0,2.0,3,YELLOW
942,2024-11-07,X (Nov 2024),16.2,16.31,15.5,15.7,15.6411,-0.6049,90516,575,108681,Z (Dec 2024),16.27,16.35,15.75,15.85,15.8303,-0.4482,81415.0,1023.0,111758.0,220439.0,-8989.0,19.137999999999998,18.9702,False,False,False,90742.74,0.9975012877063222,52.38095238095239,False,False,1.0,2.0,0,GREEN
943,2024-11-08,X (Nov 2024),15.65,15.9,15.38,15.5,15.4969,-0.1442,88898,0,101611,Z (Dec 2024),15.85,16.05,15.7,15.78,15.7606,-0.0697,72545.0,0.0,126938.0,228549.0,8110.0,18.853,18.9652,False,False,False,90702.48,0.9801055053841968,51.19047619047619,False,False,1.0,2.0,0,GREEN
944,2024-11-11,X (Nov 2024),15.5,15.55,15.19,15.45,15.4861,-0.0108,75879,2087,92014,Z (Dec 2024),15.7,15.75,15.45,15.7,15.7216,-0.039,75748.0,0.0,127949.0,219963.0,-8586.0,18.625,18.9662,False,False,False,90540.02,0.838071385449219,30.952380952380953,False,False,1.0,2.0,0,GREEN
945,2024-11-12,X (Nov 2024),15.4,15.75,15.21,15.3,15.2572,-0.2289,80005,0,85185,Z (Dec 2024),15.72,16.15,15.6,15.76,15.7362,0.0146,76972.0,250.0,138997.0,224182.0,4219.0,18.3325,18.8906,False,False,False,88165.76,0.9074384432233104,39.285714285714285,False,False,1.0,2.0,0,GREEN
946,2024-11-13,X (Nov 2024),15.3,15.65,14.45,14.5,14.544,-0.7132,77410,0,79868,Z (Dec 2024),15.75,16.05,15.35,15.45,15.4598,-0.2764,81265.0,0.0,151680.0,231548.0,7366.0,18.009999999999998,18.7886,False,False,False,86238.3,0.8976290117036165,34.92063492063492,False,False,0.0,2.0,0,GREEN
947,2024-11-14,X (Nov 2024),14.5,14.8,14.25,14.69,14.64,0.096,64235,0,74212,Z (Dec 2024),15.42,15.6,15.15,15.46,15.4412,-0.0186,78809.0,0.0,151845.0,226057.0,-5491.0,17.807,18.7052,False,False,False,84932.88,0.7563030948673823,17.063492063492063,False,False,0.0,1.0,0,GREEN
948,2024-11-15,X (Nov 2024),14.65,17.6,14.65,16.3,16.3884,1.7484,146156,102,61475,Z (Dec 2024),15.48,17.1,15.45,16.28,16.3703,0.9291,182305.0,949.0,158592.0,220067.0,-5990.0,17.709,18.6122,False,False,False,83966.88,1.74063868992155,90.87301587301587,False,True,1.0,2.0,1,GREEN
949,2024-11-18,X (Nov 2024),16.25,16.8,15.33,15.7,15.6117,-0.7767,82686,1085,56070,Z (Dec 2024),16.3,16.5,15.55,15.87,15.8517,-0.5186,114071.0,0.0,166723.0,222793.0,2726.0,17.5765,18.554000000000002,False,False,False,83426.3,0.9911262995002774,43.65079365079365,False,False,1.0,2.0,0,GREEN
950,2024-11-19,X (Nov 2024),15.7,17.6,15.3,16.7,16.4181,0.8064,79989,300,40989,Z (Dec 2024),15.85,17.1,15.75,16.4,16.4057,0.554,148460.0,200.0,170459.0,211448.0,-11345.0,17.494,18.520599999999998,False,False,False,82862.72,0.9653195067697512,38.88888888888889,False,False,1.0,2.0,0,GREEN
951,2024-11-20,X (Nov 2024),16.75,16.95,16.15,16.25,16.65,0.2319,1093,0,38846,Z (Dec 2024),16.36,17.6,15.95,16.85,16.9522,0.5465,148195.0,300.0,165426.0,204272.0,-7176.0,17.348999999999997,18.496599999999997,False,False,False,79692.62,0.013715197216505118,0.3968253968253968,False,False,1.0,1.0,0,GREEN
952,2024-11-21,Z (Dec 2024),16.7,17.5,16.35,16.85,16.7716,-0.1806,96664,0,158320,F (Jan 2025),17.41,17.75,16.9,17.27,17.2813,-0.1277,44662.0,0.0,53620.0,211940.0,,17.244,18.4936,False,False,False,79704.0,1.2127873130583158,58.730158730158735,False,False,1.0,1.0,0,GREEN
953,2024-11-22,Z (Dec 2024),16.85,17.16,16.0,16.03,16.0654,-0.7062,73370,0,152277,F (Jan 2025),17.3,17.52,16.8,16.8,16.8433,-0.438,39902.0,0.0,56725.0,209002.0,-2938.0,17.0505,18.4792,False,False,False,79726.84,0.9202672525337766,27.380952380952383,False,False,0.0,1.0,0,GREEN
954,2024-11-25,Z (Dec 2024),15.9,16.3,15.35,15.4,15.4492,-0.6162,87965,0,150663,F (Jan 2025),16.69,16.97,16.35,16.4,16.4269,-0.4164,43840.0,0.0,61588.0,212251.0,3249.0,16.8825,18.4436,False,False,False,80184.08,1.0970382150671305,49.2063492063492,False,False,0.0,1.0,0,GREEN
955,2024-11-26,Z (Dec 2024),15.4,15.85,15.1,15.29,15.2541,-0.1951,78925,850,140768,F (Jan 2025),16.4,16.7,16.2,16.36,16.3418,-0.0851,45154.0,0.0,64443.0,205211.0,-7040.0,16.711,18.3954,False,False,False,80056.28,0.9858689411998659,35.317460317460316,False,False,0.0,1.0,0,GREEN
956,2024-11-27,Z (Dec 2024),15.25,15.75,15.12,15.15,15.169,-0.0851,72600,516,141396,F (Jan 2025),16.36,16.65,16.2,16.21,16.2576,-0.0842,39748.0,184.0,69878.0,211274.0,6063.0,16.502000000000002,18.3424,False,False,False,81482.06,0.890993673944915,25.793650793650798,False,False,0.0,1.0,0,GREEN
957,2024-11-29,Z (Dec 2024),15.19,15.2,14.8,14.85,14.8517,-0.3173,49306,0,142188,F (Jan 2025),16.25,16.25,15.95,16.0,16.0529,-0.2047,30187.0,0.0,75677.0,217865.0,6591.0,16.2015,18.2794,False,False,False,80396.18,0.6132878452682703,5.158730158730158,False,False,0.0,1.0,0,GREEN
958,2024-12-02,Z (Dec 2024),14.85,14.95,14.65,14.75,14.7128,-0.1389,63398,0,141863,F (Jan 2025),16.0,16.1,15.9,16.03,16.0326,-0.0203,42394.0,0.0,84318.0,226181.0,8316.0,15.9165,18.2132,False,False,False,80126.98,0.7912191374241236,16.26984126984127,False,False,0.0,0.0,0,GREEN
959,2024-12-03,Z (Dec 2024),14.71,15.05,14.45,14.53,14.5309,-0.1819,66776,1326,141650,F (Jan 2025),16.02,16.36,15.85,15.9,15.937,-0.0956,51694.0,291.0,88980.0,230630.0,4449.0,15.6705,18.1438,False,False,False,80444.46,0.8300882372757552,19.047619047619047,False,False,0.0,0.0,0,GREEN
960,2024-12-04,Z (Dec 2024),14.55,14.7,14.2,14.69,14.6572,0.1263,52768,409,135665,F (Jan 2025),15.95,16.15,15.75,16.15,16.0881,0.1511,51183.0,240.0,97132.0,232797.0,2167.0,15.493500000000001,18.0758,False,False,False,80138.36,0.6584611913695264,6.349206349206349,False,False,0.0,0.0,0,GREEN
961,2024-12-05,Z (Dec 2024),14.7,14.85,14.5,14.57,14.6032,-0.054,66552,0,129011,F (Jan 2025),16.1,16.25,16.05,16.17,16.201,0.1129,54923.0,81.0,102024.0,231035.0,-1762.0,15.41,18.0026,False,False,False,80450.96,0.8272368657875555,19.047619047619047,False,False,0.0,0.0,0,GREEN
962,2024-12-06,Z (Dec 2024),14.58,14.75,14.2,14.25,14.2855,-0.3177,77591,632,122070,F (Jan 2025),16.17,16.3,15.85,15.91,15.9521,-0.2489,68736.0,1037.0,120566.0,242636.0,11601.0,15.3375,17.921599999999998,False,False,False,80875.66,0.9593862974348524,34.523809523809526,False,False,0.0,0.0,0,GREEN
963,2024-12-09,Z (Dec 2024),14.2,14.9,14.2,14.76,14.7355,0.45,82887,0,108380,F (Jan 2025),15.92,16.45,15.9,16.31,16.2983,0.3462,74200.0,209.0,130226.0,238606.0,-4030.0,15.3005,17.8306,False,False,False,81032.76,1.0228825971125752,43.25396825396825,False,False,0.0,0.0,0,GREEN
964,2024-12-10,Z (Dec 2024),14.75,14.8,14.4,14.56,14.6523,-0.0832,65735,256,99551,F (Jan 2025),16.31,16.35,16.05,16.18,16.2662,-0.0321,45495.0,231.0,137043.0,236594.0,-2012.0,15.256,17.7458,False,False,False,80168.62,0.8199592309310052,18.253968253968253,False,False,0.0,0.0,0,GREEN
965,2024-12-11,Z (Dec 2024),14.55,14.75,14.15,14.36,14.2842,-0.3681,51723,508,87920,F (Jan 2025),16.2,16.35,15.8,16.23,16.1838,-0.0824,54761.0,1425.0,144795.0,232715.0,-3879.0,15.209,17.622,False,False,False,78016.88,0.6629719106941985,6.349206349206349,False,False,0.0,0.0,0,GREEN
966,2024-12-12,Z (Dec 2024),14.34,14.65,14.1,14.51,14.4062,0.122,77468,0,77885,F (Jan 2025),16.2,16.45,16.05,16.36,16.2991,0.1153,67693.0,0.0,153392.0,231277.0,-1438.0,15.2095,17.5108,False,True,False,77917.64,0.994229291338906,34.523809523809526,False,False,0.0,0.0,1,GREEN
967,2024-12-13,Z (Dec 2024),14.55,14.8,14.1,14.55,14.519,0.1128,71649,300,67152,F (Jan 2025),16.35,16.5,16.0,16.32,16.2782,-0.0209,66621.0,115.0,162718.0,229870.0,-1407.0,15.2025,17.3778,False,False,False,77357.44,0.9262069685863441,25.793650793650798,False,False,0.0,0.0,0,GREEN
968,2024-12-16,Z (Dec 2024),14.63,14.75,14.39,14.75,14.6997,0.1807,62361,705,53837,F (Jan 2025),16.35,16.65,16.2,16.6,16.6091,0.3309,68837.0,472.0,170941.0,224778.0,-5092.0,15.125,17.2648,False,False,False,76998.72,0.8098965800989938,15.873015873015872,False,False,0.0,0.0,0,GREEN
969,2024-12-17,Z (Dec 2024),14.75,15.95,14.61,15.75,15.7483,1.0486,92366,0,36176,F (Jan 2025),16.6,17.05,16.55,17.0,16.9531,0.344,107476.0,0.0,175955.0,212131.0,-12647.0,15.127500000000001,17.1328,False,True,True,76586.84,1.206029652091665,56.34920634920635,False,False,0.0,0.0,2,YELLOW
970,2024-12-18,Z (Dec 2024),15.7,15.8,15.2,15.4,15.66,-0.0883,1715,0,34946,F (Jan 2025),17.0,20.65,16.59,20.15,19.762,2.8089,214438.0,12.0,172334.0,207280.0,-4851.0,15.0625,17.011799999999997,False,False,True,75022.84,0.022859705124466098,2.380952380952381,False,False,0.0,0.0,1,GREEN
971,2024-12-19,F (Jan 2025),19.95,21.8,18.55,21.45,21.7113,1.9493,314207,1373,169747,G (Feb 2025),19.9,21.13,18.8,20.89,21.0178,1.3424,104629.0,65.0,58264.0,228011.0,,15.3225,17.02,True,True,True,79973.96,3.9288663459956212,99.20634920634922,True,True,1.0,1.0,5,ORANGE
972,2024-12-20,F (Jan 2025),21.4,22.8,18.05,18.28,18.2606,-3.4507,231176,3630,131736,G (Feb 2025),20.85,21.8,18.45,18.65,18.5862,-2.4316,83434.0,420.0,57635.0,189371.0,-38640.0,15.394,16.9576,True,True,True,83099.12,2.7819307833825437,98.4126984126984,True,True,2.0,2.0,6,RED
973,2024-12-23,F (Jan 2025),18.2,18.61,16.9,16.95,17.0257,-1.2349,122754,0,125835,G (Feb 2025),18.65,18.85,17.47,17.52,17.56,-1.0262,56495.0,0.0,58682.0,184517.0,-4854.0,15.440000000000001,16.8726,True,True,True,84332.74,1.4555912685867907,80.95238095238095,False,False,2.0,2.0,4,ORANGE
974,2024-12-24,F (Jan 2025),17.0,17.05,15.9,15.95,15.9878,-1.0379,71787,0,118289,G (Feb 2025),17.55,17.56,16.8,16.83,16.8502,-0.7098,35170.0,0.0,59028.0,177317.0,-7200.0,15.467499999999998,16.7914,False,True,True,84693.06,0.8476137241941666,26.190476190476193,False,False,2.0,2.0,3,YELLOW
975,2024-12-26,F (Jan 2025),16.05,16.75,15.95,16.06,16.0329,0.0451,78960,10,120952,G (Feb 2025),16.9,17.35,16.8,16.95,16.9782,0.128,40778.0,0.0,63990.0,184942.0,7625.0,15.506,16.6896,False,True,True,84309.42,0.9365501506237381,36.904761904761905,False,False,2.0,2.0,3,YELLOW
976,2024-12-27,F (Jan 2025),16.1,17.9,16.05,16.95,16.9415,0.9086,139335,210,115878,G (Feb 2025),17.0,18.25,16.9,17.53,17.5586,0.5804,77493.0,0.0,67550.0,183428.0,-1514.0,15.595999999999998,16.609599999999997,True,True,True,87070.46,1.6002557009575922,88.09523809523809,False,False,1.0,2.0,3,YELLOW
977,2024-12-30,F (Jan 2025),16.84,18.6,16.75,17.4,17.3868,0.4453,108834,885,116482,G (Feb 2025),17.48,18.85,17.4,17.89,17.7923,0.2337,67731.0,413.0,70547.0,187029.0,3601.0,15.723500000000001,16.5826,True,True,True,88130.48,1.2349189519902763,69.84126984126983,False,False,0.0,2.0,3,YELLOW
978,2024-12-31,F (Jan 2025),17.4,17.7,16.9,17.48,17.5177,0.1309,69727,0,113246,G (Feb 2025),17.9,18.15,17.38,17.86,17.8708,0.0785,45824.0,0.0,71791.0,185037.0,-1992.0,15.86,16.566999999999997,True,True,True,88331.5,0.7893786474813628,23.41269841269841,False,False,0.0,2.0,3,YELLOW
979,2025-01-02,F (Jan 2025),17.5,18.85,17.01,17.81,17.9098,0.3921,100466,290,112194,G (Feb 2025),17.85,19.0,17.5,18.24,18.2685,0.3977,61225.0,0.0,76912.0,189106.0,4069.0,16.023999999999997,16.5562,True,True,True,89261.82,1.1255204072693117,63.095238095238095,False,False,0.0,2.0,3,YELLOW
980,2025-01-03,F (Jan 2025),17.83,17.9,16.65,16.8,16.6858,-1.224,77495,0,109326,G (Feb 2025),18.25,18.27,17.38,17.5,17.4356,-0.8329,60742.0,0.0,83402.0,192728.0,3622.0,16.1295,16.525199999999998,True,True,True,89720.48,0.8637381342587557,34.523809523809526,False,False,0.0,2.0,3,YELLOW
981,2025-01-06,F (Jan 2025),16.8,17.0,16.25,16.5,16.5686,-0.1172,197513,300,103440,G (Feb 2025),17.4,17.7,17.15,17.32,17.3787,-0.0569,150085.0,0.0,87970.0,191410.0,-1318.0,16.226,16.472199999999997,True,True,True,91712.6,2.1536081192769587,96.03174603174604,True,True,1.0,2.0,5,ORANGE
982,2025-01-07,F (Jan 2025),16.55,18.21,16.31,17.8,17.8805,1.3119,101875,0,98549,G (Feb 2025),17.32,18.5,17.15,18.14,18.2637,0.885,79682.0,0.0,93262.0,191811.0,401.0,16.4035,16.4492,True,True,True,92236.4,1.10449887463084,65.07936507936508,False,False,1.0,1.0,3,YELLOW
983,2025-01-08,F (Jan 2025),17.85,18.8,17.5,17.75,17.7197,-0.1608,125613,880,96385,G (Feb 2025),18.15,18.92,17.9,18.23,18.1515,-0.1122,82641.0,0.0,99364.0,195749.0,3938.0,16.553,16.406200000000002,True,True,True,92899.0,1.3521458788576841,82.14285714285714,False,False,1.0,1.0,3,YELLOW
984,2025-01-10,F (Jan 2025),18.05,19.65,17.9,19.12,19.0119,1.0452,120641,0,87331,G (Feb 2025),18.35,19.56,18.35,19.31,19.2947,0.9697,93513.0,0.0,105811.0,193142.0,-2607.0,16.781,16.413400000000003,True,True,True,93551.56,1.2895669511016172,77.38095238095238,False,False,1.0,1.0,3,YELLOW
985,2025-01-13,F (Jan 2025),19.15,20.2,18.4,18.44,18.5959,-0.416,89672,0,78856,G (Feb 2025),19.35,20.1,18.77,18.77,18.9083,-0.3864,84236.0,0.0,111436.0,190292.0,-2850.0,16.985,16.407799999999998,True,True,True,94230.44,0.9516245493494458,51.19047619047619,False,False,1.0,1.0,3,YELLOW
986,2025-01-14,F (Jan 2025),18.45,18.9,17.65,18.1,18.2081,-0.3878,73248,10,70024,G (Feb 2025),18.75,19.13,18.1,18.45,18.5544,-0.3539,81255.0,283.0,114869.0,184893.0,-5399.0,17.1645,16.3832,True,True,True,94350.88,0.7763361613585373,28.57142857142857,False,False,0.0,1.0,3,YELLOW
987,2025-01-15,F (Jan 2025),18.12,18.25,16.05,16.18,16.101,-2.1071,111261,530,64698,G (Feb 2025),18.5,18.61,17.0,17.16,17.063,-1.4914,129769.0,0.0,126669.0,191367.0,6474.0,17.246,16.2896,False,True,False,93738.14,1.1869341550835124,72.22222222222221,False,False,0.0,1.0,1,GREEN
988,2025-01-16,F (Jan 2025),16.19,16.51,15.85,16.35,16.189,0.088,69270,29,60197,G (Feb 2025),17.15,17.35,16.9,17.21,17.0997,0.0367,99659.0,0.0,136228.0,196425.0,5058.0,17.326,16.2076,True,True,False,93104.96,0.7439990307712929,23.41269841269841,False,False,0.0,1.0,2,YELLOW
989,2025-01-17,F (Jan 2025),16.3,16.4,15.75,16.3,16.1792,-0.0098,59990,197,50303,G (Feb 2025),17.2,17.3,16.75,17.26,17.2382,0.1385,81479.0,1977.0,148736.0,199039.0,2614.0,17.3535,16.1446,True,True,False,92444.64,0.6489289157272936,13.095238095238097,False,False,0.0,1.0,2,YELLOW
990,2025-01-21,F (Jan 2025),16.25,16.9,15.05,15.15,15.2423,-0.9369,85533,0,45313,G (Feb 2025),17.25,17.91,16.45,16.45,16.5367,-0.7015,125725.0,0.0,180736.0,226049.0,27010.0,17.341,16.083,False,False,False,92142.94,0.9282642815608011,47.61904761904761,False,False,0.0,1.0,0,GREEN
991,2025-01-22,F (Jan 2025),15.1,15.2,14.7,14.8,15.53,0.2877,1123,0,43161,G (Feb 2025),16.5,16.85,16.36,16.76,16.7432,0.2065,81892.0,4439.0,171319.0,214480.0,-11569.0,17.0085,16.054199999999998,False,False,False,88583.32,0.012677330224245376,0.7936507936507936,False,False,0.0,0.0,0,GREEN
992,2025-01-23,G (Feb 2025),16.7,16.9,16.35,16.47,16.4733,-0.2699,81010,1009,172763,H (Mar 2025),17.55,17.65,17.25,17.32,17.3441,-0.2438,48289.0,46.0,60173.0,232936.0,,16.918,16.0696,True,False,False,88393.2,0.9164732128715783,42.46031746031746,False,False,0.0,0.0,1,GREEN
993,2025-01-24,G (Feb 2025),16.5,16.55,16.25,16.41,16.382,-0.0913,62252,452,173161,H (Mar 2025),17.32,17.45,17.15,17.32,17.2994,-0.0447,40694.0,501.0,63761.0,236922.0,3986.0,16.891,16.0878,True,False,False,87860.28,0.7085340497435246,15.079365079365079,False,False,0.0,0.0,1,GREEN
994,2025-01-27,G (Feb 2025),16.6,20.16,16.55,17.56,17.6133,1.2313,244514,0,167410,H (Mar 2025),17.35,20.28,17.35,17.98,18.0353,0.7359,114882.0,0.0,68356.0,235766.0,-1156.0,16.9715,16.13,True,True,True,91232.98,2.680105374174997,98.80952380952381,True,True,1.0,1.0,5,ORANGE
995,2025-01-28,G (Feb 2025),17.5,17.95,16.8,16.98,16.939,-0.6743,99360,315,157695,H (Mar 2025),17.95,18.27,17.4,17.6,17.4803,-0.555,53122.0,0.0,71434.0,229129.0,-6637.0,17.017500000000002,16.163600000000002,True,True,False,91620.08,1.0844784243803323,60.71428571428571,False,False,1.0,1.0,2,YELLOW
996,2025-01-29,G (Feb 2025),17.0,17.6,16.75,16.88,16.8431,-0.0959,93872,0,143967,H (Mar 2025),17.6,17.96,17.4,17.47,17.4988,0.0185,47927.0,286.0,73102.0,217069.0,-12060.0,17.014000000000003,16.2112,True,False,False,91949.32,1.020910214452918,55.952380952380956,False,False,1.0,1.0,1,GREEN
997,2025-01-30,G (Feb 2025),16.85,17.0,16.51,16.8,16.7092,-0.1339,87054,0,149145,H (Mar 2025),17.45,17.7,17.2,17.58,17.5228,0.024,56866.0,0.0,76459.0,225604.0,8535.0,16.984,16.2534,True,False,False,92405.7,0.9420847415256851,48.01587301587302,False,False,1.0,1.0,1,GREEN
998,2025-01-31,G (Feb 2025),16.82,17.65,16.4,17.44,17.3586,0.6494,98544,0,142492,H (Mar 2025),17.6,18.15,17.2,18.05,17.986,0.4632,69327.0,399.0,82549.0,225041.0,-563.0,16.982000000000003,16.276200000000003,True,False,True,91453.46,1.0775316756741624,59.92063492063492,False,False,1.0,1.0,2,YELLOW
999,2025-02-03,G (Feb 2025),18.55,19.85,17.15,17.35,17.9108,0.5522,88404,0,133697,H (Mar 2025),18.45,20.15,17.65,17.83,18.1335,0.1475,55217.0,207.0,88625.0,222322.0,-2719.0,16.959,16.309199999999997,True,False,True,91567.82,0.9654483420048658,49.60317460317461,False,False,0.0,1.0,2,YELLOW
1000,2025-02-04,G (Feb 2025),17.3,18.96,16.9,17.45,17.2011,-0.7097,43944,131,124858,H (Mar 2025),17.81,19.07,17.52,17.87,17.7673,-0.3662,31096.0,418.0,91022.0,215880.0,-6442.0,16.991500000000002,16.3242,True,True,True,90846.92,0.48371480287939317,5.158730158730158,False,False,0.0,1.0,3,YELLOW
1001,2025-02-05,G (Feb 2025),17.5,17.9,16.7,16.75,16.7703,-0.4308,38512,0,121666,H (Mar 2025),17.95,18.25,17.4,17.43,17.491,-0.2763,28498.0,207.0,97722.0,219388.0,3508.0,17.004,16.3342,True,True,False,91595.3,0.42045825495412975,5.158730158730158,False,False,0.0,1.0,2,YELLOW
1002,2025-02-06,G (Feb 2025),16.69,17.0,16.55,16.63,16.5795,-0.1908,37936,95,120848,H (Mar 2025),17.4,17.7,17.25,17.45,17.4335,-0.0575,37472.0,0.0,109886.0,230734.0,11346.0,16.945500000000003,16.3298,True,False,False,90420.74,0.4195497625876541,5.158730158730158,False,False,0.0,1.0,1,GREEN
1003,2025-02-07,G (Feb 2025),16.65,17.41,16.35,17.4,17.3458,0.7663,98920,195,114246,H (Mar 2025),17.5,18.0,17.25,17.9,17.9512,0.5177,85161.0,240.0,123941.0,238187.0,7453.0,16.928,16.3572,True,False,True,90931.74,1.0878489733067902,61.111111111111114,False,False,0.0,1.0,2,YELLOW
1004,2025-02-10,G (Feb 2025),17.55,17.75,16.65,16.75,16.7021,-0.6437,74083,463,105152,H (Mar 2025),17.95,18.0,17.45,17.52,17.5244,-0.4268,67317.0,1035.0,136461.0,241613.0,3426.0,16.8095,16.3842,True,False,False,90654.1,0.8172051788060329,30.952380952380953,False,False,0.0,0.0,1,GREEN
1005,2025-02-11,G (Feb 2025),16.75,17.01,16.55,16.8,16.7694,0.0673,63757,0,91278,H (Mar 2025),17.5,17.75,17.35,17.55,17.5614,0.037,63916.0,0.0,146585.0,237863.0,-3750.0,16.7275,16.4144,True,False,True,90350.74,0.7056610715086561,18.253968253968253,False,False,0.0,0.0,2,YELLOW
1006,2025-02-12,G (Feb 2025),16.75,17.5,16.58,16.67,16.8012,0.0318,97817,72,80249,H (Mar 2025),17.6,18.1,17.37,17.37,17.4799,-0.0815,92648.0,0.0,161220.0,241469.0,3606.0,16.656,16.4448,True,False,True,90855.08,1.0766266454225784,59.12698412698413,False,False,0.0,0.0,2,YELLOW
1007,2025-02-13,G (Feb 2025),16.7,17.1,16.1,16.14,16.1349,-0.6663,73628,500,74835,H (Mar 2025),17.4,17.71,17.2,17.26,17.2427,-0.2372,93407.0,0.0,174006.0,248841.0,7372.0,16.654000000000003,16.4706,False,False,False,91341.52,0.8060737329529878,30.158730158730158,False,False,0.0,0.0,0,GREEN
1008,2025-02-14,G (Feb 2025),16.1,16.3,15.95,16.1,16.0117,-0.1232,71035,0,64320,H (Mar 2025),17.3,17.4,17.1,17.21,17.1818,-0.0609,95300.0,0.0,189988.0,254308.0,5467.0,16.6415,16.4976,False,False,False,91494.26,0.776387502341677,25.793650793650798,False,False,0.0,0.0,0,GREEN
1009,2025-02-18,G (Feb 2025),16.02,16.45,15.5,15.5,15.6602,-0.3515,85704,93,42906,H (Mar 2025),17.2,17.42,16.95,17.13,17.1256,-0.0562,131031.0,1897.0,215031.0,257937.0,3629.0,16.601499999999998,16.517,False,False,False,91872.82,0.9328547877380926,47.22222222222222,False,False,0.0,0.0,0,GREEN
1010,2025-02-19,G (Feb 2025),15.5,15.8,15.29,15.65,15.94,0.2798,2320,0,41772,H (Mar 2025),17.13,17.35,16.9,17.0,16.9066,-0.219,85515.0,0.0,211031.0,252803.0,-5134.0,16.6265,16.536199999999997,False,True,False,90863.86,0.025532703541319948,3.1746031746031744,False,False,0.0,0.0,1,GREEN
1011,2025-02-20,H (Mar 2025),16.95,17.35,16.8,16.95,17.0326,0.126,105158,1612,209878,J (Apr 2025),17.9,18.2,17.75,17.82,17.8579,0.017,57881.0,89.0,69559.0,279437.0,,16.734,16.5838,True,True,True,91635.98,1.1475623439614004,67.85714285714286,False,False,0.0,0.0,3,YELLOW
1012,2025-02-21,H (Mar 2025),16.95,18.45,16.91,18.2,18.3007,1.2681,184681,0,199225,J (Apr 2025),17.81,18.85,17.75,18.64,18.699,0.8411,76705.0,327.0,72767.0,271992.0,-7445.0,16.8205,16.6628,True,True,True,93777.78,1.9693471097311113,94.44444444444444,True,True,1.0,1.0,5,ORANGE
1013,2025-02-24,H (Mar 2025),18.1,18.85,17.65,18.32,18.4302,0.1295,152793,2575,197932,J (Apr 2025),18.65,19.05,18.25,18.72,18.7684,0.0694,63670.0,862.0,77349.0,275281.0,3289.0,16.916,16.734,True,True,True,95175.9,1.6053748900719615,89.68253968253968,False,False,1.0,1.0,3,YELLOW
1014,2025-02-25,H (Mar 2025),18.35,19.4,18.05,18.37,18.4836,0.0534,182928,200,202055,J (Apr 2025),18.75,19.5,18.55,18.71,18.7907,0.0223,85221.0,36.0,83183.0,285238.0,9957.0,16.9565,16.8102,True,True,True,97519.76,1.8758044523489394,94.04761904761905,True,True,2.0,2.0,6,RED
1015,2025-02-26,H (Mar 2025),18.35,18.75,17.6,17.8,18.1337,-0.3499,134427,0,185070,J (Apr 2025),18.7,19.05,18.25,18.36,18.6034,-0.1873,67923.0,252.0,87569.0,272639.0,-12599.0,16.9975,16.878999999999998,True,True,True,99173.84,1.3554683372147334,84.12698412698413,False,False,2.0,2.0,4,ORANGE
1016,2025-02-27,H (Mar 2025),17.8,19.35,17.65,19.23,19.3063,1.1726,164843,3622,178805,J (Apr 2025),18.4,19.5,18.27,19.4,19.4276,0.8242,82126.0,1776.0,94514.0,273319.0,680.0,17.115000000000002,16.973399999999998,True,True,True,100921.34,1.6333810074261796,91.66666666666666,False,True,3.0,3.0,6,RED
1017,2025-02-28,H (Mar 2025),19.25,20.0,18.7,18.93,18.8291,-0.4772,184717,0,159440,J (Apr 2025),19.35,19.95,18.95,19.11,19.0461,-0.3815,105761.0,265.0,98521.0,257961.0,-15358.0,17.2215,17.061,True,True,True,103182.7,1.790193511121535,94.44444444444444,False,True,3.0,4.0,6,RED
1018,2025-03-03,H (Mar 2025),18.7,21.25,18.4,20.37,20.6577,1.8286,149604,242,157837,J (Apr 2025),19.06,20.82,18.75,20.21,20.4435,1.3974,95684.0,224.0,106817.0,264654.0,6693.0,17.368000000000002,17.1734,True,True,True,104927.56,1.4257836549329843,88.09523809523809,False,False,3.0,4.0,5,ORANGE
1019,2025-03-04,H (Mar 2025),20.5,23.0,20.04,20.72,21.2409,0.5832,235740,738,145869,J (Apr 2025),20.25,22.15,20.0,20.36,20.7993,0.3558,157836.0,343.0,118299.0,264168.0,-486.0,17.5365,17.2728,True,True,True,107795.04,2.186928081292052,98.4126984126984,True,True,3.0,5.0,7,RED
1020,2025-03-05,H (Mar 2025),20.7,21.75,20.05,20.37,20.1269,-1.114,155199,2713,128821,J (Apr 2025),20.35,21.15,19.85,20.08,19.9017,-0.8976,107404.0,2724.0,112127.0,240948.0,-23220.0,17.682499999999997,17.3722,True,True,True,110864.72,1.3998952958163786,88.88888888888889,False,False,3.0,5.0,5,ORANGE
1021,2025-03-06,H (Mar 2025),20.3,22.95,20.2,22.46,22.8281,2.7012,168299,807,130499,J (Apr 2025),20.05,21.85,19.92,21.57,21.7923,1.8906,116564.0,715.0,118476.0,248975.0,8027.0,17.967999999999996,17.3924,True,True,True,107946.56,1.559095537643812,91.66666666666666,False,True,3.0,6.0,6,RED
1022,2025-03-07,H (Mar 2025),22.4,23.62,21.55,21.85,21.6254,-1.2027,162330,303,120265,J (Apr 2025),21.5,22.35,20.7,20.89,20.7863,-1.006,125601.0,0.0,125516.0,245781.0,-3194.0,18.229,17.463800000000003,True,True,True,106569.64,1.5232293174679017,90.07936507936508,False,True,3.0,6.0,6,RED
1023,2025-03-10,H (Mar 2025),21.8,25.45,21.8,24.77,24.9344,3.309,176385,0,112322,J (Apr 2025),20.8,23.1,20.8,22.65,22.7978,2.0115,148813.0,0.0,139707.0,252029.0,6248.0,18.5975,17.6202,True,True,True,107642.26,1.6386222288532404,92.06349206349206,False,True,4.0,7.0,6,RED
1024,2025-03-11,H (Mar 2025),24.8,26.65,23.97,24.69,24.6115,-0.3229,178060,1383,101839,J (Apr 2025),22.69,23.97,22.0,22.86,22.7661,-0.0317,170871.0,2773.0,141848.0,243687.0,-8342.0,18.9945,17.795,True,True,True,109767.72,1.6221526692911177,92.06349206349206,False,True,4.0,7.0,6,RED
1025,2025-03-12,H (Mar 2025),24.3,24.9,22.8,23.25,23.0749,-1.5366,121890,204,87357,J (Apr 2025),22.85,23.0,21.55,21.93,21.7139,-1.0522,124979.0,225.0,137268.0,224625.0,-19062.0,19.317,17.9388,True,True,True,110626.32,1.1018173613657218,75.0,False,False,4.0,7.0,5,ORANGE
1026,2025-03-13,H (Mar 2025),23.15,25.05,22.7,24.3,24.4101,1.3352,94073,246,82752,J (Apr 2025),21.95,23.1,21.4,22.57,22.6331,0.9192,109757.0,0.0,139409.0,222161.0,-2464.0,19.6985,18.085800000000003,True,True,True,109721.08,0.8573831026818183,53.17460317460318,False,False,3.0,6.0,5,ORANGE
1027,2025-03-14,H (Mar 2025),24.25,24.25,21.4,21.75,21.5211,-2.889,104026,0,66883,J (Apr 2025),22.55,22.55,20.64,20.87,20.6804,-1.9527,144880.0,0.0,144855.0,211738.0,-10423.0,19.979,18.1728,True,True,True,109624.92,0.9489265761835904,63.49206349206349,False,False,2.0,5.0,5,ORANGE
1028,2025-03-17,H (Mar 2025),21.65,22.5,20.4,20.75,20.8352,-0.6859,89945,100,44411,J (Apr 2025),20.9,21.2,19.8,19.91,19.9169,-0.7635,137667.0,100.0,150165.0,194576.0,-17162.0,20.2115,18.238200000000003,True,True,True,110029.28,0.8174642240683571,48.41269841269841,False,False,1.0,5.0,4,ORANGE
1029,2025-03-18,H (Mar 2025),20.9,21.5,20.8,21.45,21.63,0.7948,1763,0,43745,J (Apr 2025),19.9,20.8,19.6,20.45,20.4806,0.5637,114473.0,242.0,149493.0,193238.0,-1338.0,20.509,18.311,True,True,True,108055.22,0.01631573190078184,3.1746031746031744,False,False,0.0,4.0,4,ORANGE
1030,2025-03-19,J (Apr 2025),20.5,20.75,19.25,19.66,19.7513,-0.7293,103461,0,151454,K (May 2025),20.34,20.55,19.35,19.66,19.7468,-0.5563,56680.0,48.0,60219.0,211673.0,,20.7095,18.3682,True,True,False,108574.54,0.952902954965317,63.49206349206349,False,False,0.0,4.0,3,YELLOW
1031,2025-03-20,J (Apr 2025),19.7,20.25,19.2,19.35,19.4005,-0.3508,102391,2411,148844,K (May 2025),19.7,20.05,19.35,19.47,19.4706,-0.2762,43717.0,236.0,62452.0,211296.0,-377.0,20.829500000000003,18.425200000000004,True,True,False,106672.1,0.9598667317883495,62.698412698412696,False,False,0.0,3.0,3,YELLOW
1032,2025-03-21,J (Apr 2025),19.35,20.13,19.13,19.27,19.4179,0.0174,98196,277,149540,K (May 2025),19.47,20.05,19.3,19.4,19.4739,0.0033,45062.0,886.0,63013.0,212553.0,1257.0,20.883000000000003,18.4546,True,True,False,106598.52,0.9211760163274312,57.14285714285714,False,False,0.0,2.0,2,YELLOW
1033,2025-03-24,J (Apr 2025),19.2,19.25,18.0,18.15,18.0635,-1.3544,105573,957,143535,K (May 2025),19.35,19.35,18.45,18.51,18.4989,-0.975,46793.0,198.0,63227.0,206762.0,-5791.0,20.8745,18.4626,False,False,False,106197.72,0.9941173878309252,65.07936507936508,False,False,0.0,1.0,0,GREEN
1034,2025-03-25,J (Apr 2025),18.15,18.35,17.9,18.18,18.2072,0.1437,73950,1108,143295,K (May 2025),18.52,18.7,18.35,18.62,18.6554,0.1565,42922.0,777.0,63729.0,207024.0,262.0,20.865000000000002,18.4438,False,False,False,105263.9,0.702520047233667,27.77777777777778,False,False,0.0,0.0,0,GREEN
1035,2025-03-26,J (Apr 2025),18.18,19.3,17.95,18.9,18.8445,0.6373,100614,0,141122,K (May 2025),18.62,19.46,18.4,19.18,19.1501,0.4947,53178.0,0.0,65141.0,206263.0,-761.0,20.919999999999998,18.453000000000003,True,True,False,105482.74,0.9538432543561155,60.317460317460316,False,False,0.0,0.0,2,YELLOW
1036,2025-03-27,J (Apr 2025),19.1,19.55,18.65,18.99,18.9763,0.1318,79291,336,140325,K (May 2025),19.15,19.55,18.95,19.15,19.1588,0.0087,50437.0,128.0,70140.0,210465.0,4202.0,20.907999999999998,18.4708,True,False,False,105603.6,0.7508361457374558,34.92063492063492,False,False,0.0,0.0,1,GREEN
1037,2025-03-28,J (Apr 2025),19.0,21.3,19.0,21.25,20.9817,2.0054,129947,0,135351,K (May 2025),19.2,20.78,19.2,20.78,20.5492,1.3904,72140.0,270.0,74700.0,210051.0,-414.0,21.023999999999997,18.5722,True,True,True,105977.32,1.2261774500430846,80.55555555555556,False,False,0.0,0.0,3,YELLOW
1038,2025-03-31,J (Apr 2025),21.4,22.65,20.6,21.02,20.8435,-0.1382,129283,0,128228,K (May 2025),20.8,21.76,20.3,20.68,20.4872,-0.062,84528.0,0.0,79628.0,207856.0,-2195.0,21.0565,18.6656,True,True,False,107177.58,1.2062504116999095,78.96825396825396,False,False,0.0,0.0,2,YELLOW
1039,2025-04-01,J (Apr 2025),21.05,22.05,20.5,20.88,20.8794,0.0359,86516,0,127234,K (May 2025),20.65,21.36,20.27,20.53,20.5138,0.0266,63214.0,0.0,86861.0,214095.0,6239.0,21.064500000000002,18.7572,True,True,False,107708.1,0.8032450669912476,42.46031746031746,False,False,0.0,0.0,2,YELLOW
1040,2025-04-02,J (Apr 2025),20.9,22.18,19.33,22.0,20.1562,-0.7232,105516,0,123726,K (May 2025),20.55,21.52,19.34,21.39,20.0227,-0.4911,72852.0,0.0,93473.0,217199.0,3104.0,21.146,18.8942,True,True,True,108107.76,0.9760261428041799,63.888888888888886,False,False,0.0,0.0,3,YELLOW
1041,2025-04-03,J (Apr 2025),22.15,26.57,22.1,26.25,26.3753,6.2191,254684,889,127660,K (May 2025),21.45,24.32,21.41,24.02,24.1926,4.1699,174901.0,1066.0,103944.0,231604.0,14405.0,21.335500000000003,19.1232,True,True,True,113178.98,2.250276508941855,98.80952380952381,True,True,1.0,1.0,5,ORANGE
1042,2025-04-04,J (Apr 2025),26.4,33.35,25.75,32.55,32.4976,6.1223,259063,380,126661,K (May 2025),24.05,29.17,23.52,28.55,28.5193,4.3267,225367.0,618.0,124721.0,251382.0,19778.0,21.8705,19.4448,True,True,True,116740.04,2.219144348417218,98.80952380952381,True,True,2.0,2.0,6,RED
1043,2025-04-07,J (Apr 2025),35.0,40.2,26.9,32.9,33.1708,0.6732,223915,83,122555,K (May 2025),30.0,35.0,24.75,27.85,28.1411,-0.3782,206189.0,167.0,141085.0,263640.0,12258.0,22.277,19.7746,True,True,True,119973.3,1.8663736014596581,95.63492063492063,True,True,3.0,3.0,7,RED
1044,2025-04-08,J (Apr 2025),32.8,41.5,29.3,39.5,39.1728,6.002,176070,966,107141,K (May 2025),27.75,33.75,25.4,32.05,31.4333,3.2922,172475.0,0.0,145512.0,252653.0,-10987.0,23.017500000000002,20.2134,True,True,True,118604.42,1.4845146580540591,90.47619047619048,False,True,4.0,4.0,6,RED
1045,2025-04-09,J (Apr 2025),39.23,44.01,26.8,28.1,28.6489,-10.5239,178459,308,96134,K (May 2025),31.95,35.25,23.95,24.9,25.1944,-6.2389,201176.0,615.0,140436.0,236570.0,-16083.0,23.26,20.4358,True,True,True,120186.4,1.4848518634387917,91.26984126984127,False,True,5.0,5.0,6,RED
1046,2025-04-10,J (Apr 2025),28.4,40.6,27.8,35.2,35.8622,7.2133,154399,393,85254,K (May 2025),25.1,32.1,24.35,29.3,29.871,4.6766,193976.0,1671.0,139516.0,224770.0,-11800.0,23.805,20.8022,True,True,True,121396.94,1.2718524865618523,84.92063492063492,False,False,4.0,5.0,5,ORANGE
1047,2025-04-11,J (Apr 2025),35.25,38.85,33.85,34.45,34.6376,-1.2246,90437,186,73725,K (May 2025),29.55,31.95,28.35,28.7,28.8917,-0.9793,122735.0,1116.0,142506.0,216231.0,-8539.0,24.44,21.1552,True,True,True,121464.6,0.7445543804532349,47.22222222222222,False,False,3.0,5.0,5,ORANGE
1048,2025-04-14,J (Apr 2025),33.8,33.8,28.65,30.0,29.8594,-4.7782,91640,596,56404,K (May 2025),27.8,28.32,25.5,25.85,25.6983,-3.1934,156756.0,916.0,144332.0,200736.0,-15495.0,24.9025,21.406399999999998,True,True,True,121326.52,0.7553171392371594,49.2063492063492,False,False,2.0,5.0,5,ORANGE
1049,2025-04-15,J (Apr 2025),30.1,31.35,28.11,30.35,29.9025,0.0431,60104,0,48836,K (May 2025),25.9,26.36,24.6,25.66,25.4674,-0.2309,131675.0,519.0,155587.0,204423.0,3687.0,25.347500000000004,21.666400000000003,True,True,True,120760.52,0.49771233181175434,13.88888888888889,False,False,1.0,5.0,4,ORANGE
1050,2025-04-16,J (Apr 2025),31.1,33.31,30.7,31.65,31.91,2.0075,1488,0,48425,K (May 2025),25.75,28.15,25.55,27.45,27.6258,2.1584,112250.0,0.0,152688.0,201113.0,-3310.0,25.947000000000003,21.9504,True,True,True,119911.4,0.012409162098015703,2.7777777777777777,False,False,0.0,5.0,4,ORANGE
1051,2025-04-17,K (May 2025),27.2,27.5,26.3,26.5,26.7284,-0.8974,80242,0,142772,M (Jun 2025),26.1,26.25,25.3,25.57,25.7621,-0.5559,38779.0,0.0,57208.0,199980.0,,26.304499999999997,22.1454,True,True,True,120746.0,0.6645520348500157,36.904761904761905,False,False,0.0,4.0,4,ORANGE
1052,2025-04-21,K (May 2025),27.05,29.1,26.65,28.3,28.4469,1.7185,85828,1721,142040,M (Jun 2025),25.8,27.45,25.5,26.97,27.0167,1.2546,39216.0,416.0,58617.0,200657.0,677.0,26.756,22.3788,True,True,True,121703.84,0.7052201475319103,42.46031746031746,False,False,0.0,3.0,4,ORANGE
1053,2025-04-22,K (May 2025),28.25,28.5,26.35,26.53,26.5397,-1.9072,101498,0,134380,M (Jun 2025),26.9,27.1,25.58,25.76,25.7021,-1.3146,56681.0,0.0,60822.0,195202.0,-5455.0,27.175,22.5614,True,True,False,121755.4,0.8336221637808262,62.301587301587304,False,False,0.0,2.0,2,YELLOW
1054,2025-04-23,K (May 2025),26.2,26.4,24.65,25.25,25.4379,-1.1018,98225,2609,131027,M (Jun 2025),25.4,25.6,24.3,24.73,24.8708,-0.8313,59089.0,448.0,65384.0,196411.0,1209.0,27.528499999999998,22.731399999999997,True,True,False,122238.24,0.8035537815335038,57.53968253968254,False,False,0.0,1.0,2,YELLOW
1055,2025-04-24,K (May 2025),25.3,26.15,24.26,24.42,24.5677,-0.8702,73819,0,126886,M (Jun 2025),24.8,25.32,23.87,23.97,24.0525,-0.8183,43208.0,0.0,66684.0,193570.0,-2841.0,27.8045,22.8838,True,True,False,122439.48,0.6029019397991563,26.58730158730159,False,False,0.0,0.0,2,YELLOW
1056,2025-04-25,K (May 2025),24.33,25.1,23.4,23.5,23.4981,-1.0696,70610,0,121229,M (Jun 2025),23.97,24.55,23.2,23.26,23.2525,-0.8,44706.0,0.0,69136.0,190365.0,-3205.0,28.03,23.0204,True,True,False,121895.34,0.5792674272863918,23.41269841269841,False,False,0.0,0.0,2,YELLOW
1057,2025-04-28,K (May 2025),23.4,24.65,23.15,23.75,23.682,0.1839,58143,0,118254,M (Jun 2025),23.25,24.15,23.0,23.39,23.3132,0.0607,38264.0,0.0,72084.0,190338.0,-27.0,28.155,23.1726,True,True,False,121585.64,0.47820614342285817,12.3015873015873,False,False,0.0,0.0,2,YELLOW
1058,2025-04-29,K (May 2025),23.8,24.25,23.2,23.4,23.3847,-0.2973,62355,0,116868,M (Jun 2025),23.42,23.69,23.0,23.13,23.1101,-0.2031,45881.0,0.0,75068.0,191936.0,1598.0,28.274,23.3186,True,True,False,121412.04,0.5135816843205996,15.873015873015872,False,False,0.0,0.0,2,YELLOW
1059,2025-04-30,K (May 2025),23.4,25.65,23.35,23.75,24.0109,0.6262,98007,0,112111,M (Jun 2025),23.1,24.73,23.03,23.39,23.5652,0.4551,59204.0,0.0,77865.0,189976.0,-1960.0,28.4175,23.483600000000003,True,True,False,121658.1,0.8055937089269025,57.53968253968254,False,False,0.0,0.0,2,YELLOW
1060,2025-05-01,K (May 2025),23.8,24.05,23.15,23.77,23.5699,-0.441,59486,0,108565,M (Jun 2025),23.4,23.55,22.95,23.42,23.261,-0.3042,43267.0,0.0,81498.0,190063.0,87.0,28.506,23.646,True,True,False,122801.42,0.4844080793202554,13.095238095238097,False,False,0.0,0.0,2,YELLOW
1061,2025-05-02,K (May 2025),23.65,23.95,22.44,22.6,22.4818,-1.0881,68508,0,102898,M (Jun 2025),23.45,23.56,22.35,22.5,22.4001,-0.8609,49551.0,0.0,85544.0,188442.0,-1621.0,28.323500000000003,23.759,False,False,False,122068.42,0.561226236892392,23.015873015873016,False,False,0.0,0.0,0,GREEN
1062,2025-05-05,K (May 2025),22.55,23.3,22.5,23.2,23.1838,0.702,50632,0,101654,M (Jun 2025),22.55,22.95,22.4,22.82,22.8084,0.4083,35775.0,0.0,85440.0,187094.0,-1348.0,27.856,23.859,False,False,False,119387.44,0.4240982133463956,6.746031746031746,False,False,0.0,0.0,0,GREEN
1063,2025-05-06,K (May 2025),23.25,24.5,23.15,24.4,24.1076,0.9238,51362,0,99345,M (Jun 2025),22.86,23.8,22.75,23.72,23.5229,0.7145,45973.0,0.0,87911.0,187256.0,162.0,27.431,23.980600000000003,True,False,False,117358.82,0.43764925380129077,7.936507936507936,False,False,0.0,0.0,1,GREEN
1064,2025-05-07,K (May 2025),24.4,24.4,23.2,23.46,23.3234,-0.7842,57810,0,95203,M (Jun 2025),23.7,23.7,22.85,23.07,22.9534,-0.5695,45852.0,0.0,89594.0,184797.0,-2459.0,26.629,24.082399999999996,False,False,False,114856.46,0.5033238879206272,12.698412698412698,False,False,0.0,0.0,0,GREEN
1065,2025-05-08,K (May 2025),23.5,23.55,21.93,22.36,22.2923,-1.0311,69847,0,89797,M (Jun 2025),23.1,23.15,22.05,22.35,22.229,-0.7244,65433.0,0.0,94223.0,184020.0,-777.0,26.342000000000002,24.1736,False,False,False,113564.86,0.6150406032288509,25.396825396825395,False,False,0.0,0.0,0,GREEN
1066,2025-05-09,K (May 2025),22.3,22.55,21.7,21.95,22.0058,-0.2865,50459,0,83445,M (Jun 2025),22.3,22.45,21.85,22.05,22.092,-0.137,50674.0,0.0,101021.0,184466.0,446.0,25.6795,24.228,False,False,False,111277.18,0.45345325968900363,6.746031746031746,False,False,0.0,0.0,0,GREEN
1067,2025-05-12,K (May 2025),21.65,21.65,18.46,18.55,18.571,-3.4348,102812,761,79661,M (Jun 2025),21.9,21.9,19.3,19.35,19.4058,-2.6862,106161.0,962.0,103125.0,182786.0,-1680.0,24.8845,24.220399999999998,False,False,False,109639.08,0.9377313271873496,66.66666666666666,False,False,0.0,0.0,0,GREEN
1068,2025-05-13,K (May 2025),18.6,19.05,17.83,18.6,18.4379,-0.1331,63414,176,71512,M (Jun 2025),19.4,19.7,18.75,19.43,19.2945,-0.1113,88277.0,315.0,106675.0,178187.0,-4599.0,24.314500000000002,24.185,False,False,False,107915.28,0.5876276278947707,18.253968253968253,False,False,0.0,0.0,0,GREEN
1069,2025-05-14,K (May 2025),18.6,18.96,18.3,18.85,18.7805,0.3426,51551,0,63179,M (Jun 2025),19.5,19.8,19.15,19.8,19.744,0.4495,81801.0,180.0,115264.0,178443.0,256.0,23.7395,24.1476,False,False,False,104231.5,0.4945817723049174,8.73015873015873,False,False,0.0,0.0,0,GREEN
1070,2025-05-15,K (May 2025),18.85,19.25,18.19,18.2,18.2334,-0.5471,50227,171,58277,M (Jun 2025),19.8,20.15,19.4,19.4,19.4628,-0.2812,66324.0,855.0,122402.0,180679.0,2236.0,23.067,24.104200000000002,False,False,False,102132.06,0.491784851886861,6.746031746031746,False,False,0.0,0.0,0,GREEN
1071,2025-05-16,K (May 2025),18.25,18.43,17.8,18.4,17.9271,-0.3063,46725,269,52813,M (Jun 2025),19.49,19.77,19.15,19.71,19.4121,-0.0507,70388.0,1887.0,130705.0,183518.0,2839.0,22.662,24.023000000000003,False,False,False,99700.58,0.4686532415358065,6.349206349206349,False,False,0.0,0.0,0,GREEN
1072,2025-05-19,K (May 2025),18.6,19.45,18.02,18.16,18.2044,0.2773,44648,0,46267,M (Jun 2025),19.85,20.55,19.47,19.6,19.6515,0.2394,85054.0,0.0,139213.0,185480.0,1962.0,22.154999999999998,23.9492,False,False,False,97346.94,0.4586482122601902,6.349206349206349,False,False,0.0,0.0,0,GREEN
1073,2025-05-20,K (May 2025),18.19,19.0,17.95,17.97,18.0043,-0.2001,49931,0,38219,M (Jun 2025),19.67,20.01,19.4,19.43,19.4966,-0.1549,89417.0,0.0,149975.0,188194.0,2714.0,21.727,23.813200000000002,False,False,False,94817.86,0.5265991027428799,7.5396825396825395,False,False,0.0,0.0,0,GREEN
1074,2025-05-21,K (May 2025),18.05,18.85,18.0,18.6,19.12,1.1157,1918,0,37652,M (Jun 2025),19.4,21.1,19.37,20.95,20.7904,1.2938,115472.0,801.0,149444.0,187096.0,-1098.0,21.3945,23.691399999999998,False,False,False,91295.02,0.021008812967016163,3.571428571428571,False,False,0.0,0.0,0,GREEN
1075,2025-05-22,M (Jun 2025),20.95,21.45,20.25,20.55,20.6395,-0.1509,100273,113,141399,N (Jul 2025),21.45,21.78,20.9,21.13,21.2388,-0.1305,49069.0,6.0,56311.0,197710.0,,21.201,23.6374,False,False,False,90862.68,1.103566392714809,62.301587301587304,False,False,0.0,0.0,0,GREEN
1076,2025-05-23,M (Jun 2025),20.5,22.62,20.4,22.08,22.0425,1.403,105784,0,136656,N (Jul 2025),21.05,22.77,21.0,22.29,22.2839,1.0451,55600.0,0.0,58971.0,195627.0,-2083.0,21.130000000000003,23.593000000000004,False,False,True,91096.9,1.1612250252203973,69.84126984126983,False,False,0.0,0.0,1,GREEN
1077,2025-05-27,M (Jun 2025),22.0,22.03,19.55,19.55,19.7008,-2.3417,83513,0,126029,N (Jul 2025),22.25,22.31,20.41,20.45,20.522,-1.7619,44168.0,0.0,60582.0,186611.0,-9016.0,20.919999999999998,23.549,False,False,False,90686.64,0.9208963966467387,42.06349206349206,False,False,0.0,0.0,0,GREEN
1078,2025-05-28,M (Jun 2025),19.65,20.15,19.55,19.65,19.92,0.2192,62810,0,122531,N (Jul 2025),20.49,20.93,20.42,20.52,20.7911,0.2691,37274.0,0.0,63827.0,186358.0,-253.0,20.7325,23.526999999999997,False,False,False,90143.94,0.6967745141825396,19.047619047619047,False,False,0.0,0.0,0,GREEN
1079,2025-05-29,M (Jun 2025),19.65,20.3,19.0,20.06,19.9594,0.0394,57676,342,116444,N (Jul 2025),20.55,21.05,20.05,20.95,20.8552,0.0641,39686.0,122.0,67625.0,184069.0,-2289.0,20.548000000000002,23.499200000000002,False,False,False,91262.2,0.6319812583961377,14.682539682539684,False,False,0.0,0.0,0,GREEN
1080,2025-05-30,M (Jun 2025),20.1,20.9,19.8,20.07,20.0219,0.0625,68680,0,115036,N (Jul 2025),20.92,21.63,20.77,21.06,21.0379,0.1827,49926.0,135.0,73947.0,188983.0,4914.0,20.363,23.507400000000004,False,False,False,90566.58,0.758337126123124,25.396825396825395,False,False,0.0,0.0,0,GREEN
1081,2025-06-02,M (Jun 2025),20.25,20.85,19.65,19.65,19.7059,-0.316,57395,4,113953,N (Jul 2025),21.2,21.75,20.8,20.8,20.8963,-0.1416,43229.0,0.0,80078.0,194031.0,5048.0,20.2155,23.513399999999997,False,False,False,89666.66,0.6400929843935305,14.682539682539684,False,False,0.0,0.0,0,GREEN
1082,2025-06-03,M (Jun 2025),19.7,20.05,19.15,19.2,19.204,-0.5019,58110,0,112230,N (Jul 2025),20.85,21.15,20.45,20.55,20.574,-0.3223,51552.0,0.0,89081.0,201311.0,7280.0,20.015499999999996,23.511999999999997,False,False,False,88864.94,0.6539136806934208,15.873015873015872,False,False,0.0,0.0,0,GREEN
1083,2025-06-04,M (Jun 2025),19.25,19.4,19.05,19.3,19.1474,-0.0566,55625,0,110500,N (Jul 2025),20.6,20.7,20.35,20.55,20.498,-0.076,47578.0,0.0,95342.0,205842.0,4531.0,19.7605,23.535,False,False,False,87865.98,0.6330664040849485,13.492063492063492,False,False,0.0,0.0,0,GREEN
1084,2025-06-05,M (Jun 2025),19.25,19.85,18.55,19.77,19.5782,0.4308,85365,346,107536,N (Jul 2025),20.6,21.1,19.95,21.02,20.8932,0.3952,82060.0,385.0,107756.0,215292.0,9450.0,19.576,23.566800000000004,False,False,True,88094.28,0.9690186468406349,46.42857142857143,False,False,0.0,0.0,1,GREEN
1085,2025-06-06,M (Jun 2025),19.9,19.91,18.45,18.65,18.5314,-1.0468,66223,438,103105,N (Jul 2025),21.05,21.18,20.05,20.15,20.1545,-0.7387,52851.0,603.0,114814.0,217919.0,2627.0,19.3905,23.561799999999998,False,False,False,87406.46,0.7576442290421096,24.206349206349206,False,False,0.0,0.0,0,GREEN
1086,2025-06-09,M (Jun 2025),18.6,18.85,18.15,18.35,18.3048,-0.2266,54002,0,98167,N (Jul 2025),20.2,20.4,19.78,20.0,20.0001,-0.1544,55140.0,50.0,123697.0,221864.0,3945.0,19.210500000000003,23.549,False,False,False,86900.68,0.6214220648215871,12.3015873015873,False,False,0.0,0.0,0,GREEN
1087,2025-06-10,M (Jun 2025),18.35,18.61,18.0,18.15,18.1408,-0.164,55763,326,88738,N (Jul 2025),20.0,20.25,19.8,20.0,19.971,-0.0291,52723.0,706.0,131132.0,219870.0,-1994.0,19.1905,23.487,False,False,False,85417.0,0.6528325743119051,14.682539682539684,False,False,0.0,0.0,0,GREEN
1088,2025-06-11,M (Jun 2025),18.16,18.81,17.4,18.4,18.3462,0.2054,89593,0,80085,N (Jul 2025),19.97,20.35,19.3,20.06,20.0947,0.1237,83961.0,0.0,139165.0,219250.0,-620.0,19.1805,23.4346,False,False,False,84623.2,1.0587285756151978,52.77777777777778,False,False,0.0,0.0,0,GREEN
1089,2025-06-12,M (Jun 2025),18.4,19.25,18.31,18.76,18.7455,0.3993,79054,0,68709,N (Jul 2025),20.15,20.6,19.97,20.26,20.2997,0.205,82741.0,0.0,147288.0,215997.0,-3253.0,19.176,23.392200000000003,False,False,False,84473.96,0.9358386892244662,39.682539682539684,False,False,0.0,0.0,0,GREEN
1090,2025-06-13,M (Jun 2025),18.7,22.8,18.7,21.07,21.2716,2.5261,140323,679,52180,N (Jul 2025),20.28,23.16,20.27,21.66,21.8201,1.5204,167610.0,3155.0,160672.0,212852.0,-3145.0,19.319499999999998,23.3736,False,True,True,85170.1,1.6475617616980607,84.12698412698413,False,False,0.0,0.0,2,YELLOW
1091,2025-06-16,M (Jun 2025),21.6,21.75,18.8,19.15,19.1942,-2.0774,72233,0,42779,N (Jul 2025),22.0,22.1,20.05,20.24,20.2816,-1.5385,97282.0,50.0,163124.0,205903.0,-6949.0,19.357,23.231600000000004,False,True,False,81521.08,0.8860652974666184,32.142857142857146,False,False,0.0,0.0,1,GREEN
1092,2025-06-17,M (Jun 2025),19.1,21.8,19.0,21.05,20.9935,1.7993,70433,170,31586,N (Jul 2025),20.24,21.75,20.15,21.45,21.4052,1.1236,130958.0,0.0,174120.0,205706.0,-197.0,19.5015,23.001600000000003,False,True,True,77748.48,0.9059083856044517,30.158730158730158,False,False,0.0,0.0,2,YELLOW
1093,2025-06-18,M (Jun 2025),21.4,21.85,20.4,21.0,20.68,-0.3135,1305,0,31590,N (Jul 2025),21.55,21.71,20.4,20.83,20.8053,-0.5999,110428.0,405.0,170466.0,202056.0,-3650.0,19.653,22.7636,False,True,True,73296.28,0.017804450648791454,1.5873015873015872,False,False,0.0,0.0,2,YELLOW
1094,2025-06-20,N (Jul 2025),20.85,22.08,20.49,21.1,21.1254,0.3201,91797,717,161982,Q (Aug 2025),21.45,22.37,21.25,21.55,21.6516,0.1895,48014.0,42.0,60245.0,222227.0,,19.778,22.395599999999998,False,True,True,71610.82,1.2818872902167575,57.14285714285714,False,False,0.0,0.0,2,YELLOW
1095,2025-06-23,N (Jul 2025),22.0,22.45,20.63,20.65,20.7581,-0.3673,103192,1034,156904,Q (Aug 2025),22.5,22.8,21.3,21.35,21.499,-0.1526,54105.0,84.0,65448.0,222352.0,125.0,19.783,22.246599999999997,False,True,True,70105.48,1.4719534050690475,70.23809523809523,False,False,0.0,0.0,2,YELLOW
1096,2025-06-24,N (Jul 2025),20.6,20.65,19.2,19.3,19.2484,-1.5097,106680,61,157509,Q (Aug 2025),21.35,21.35,20.35,20.4,20.446,-1.053,60964.0,0.0,70883.0,228392.0,6040.0,19.644,21.928600000000003,False,False,False,69151.1,1.542708648163225,73.80952380952381,False,False,0.0,0.0,0,GREEN
1097,2025-06-25,N (Jul 2025),19.3,19.38,18.95,19.05,19.0176,-0.2308,69233,515,156567,Q (Aug 2025),20.4,20.5,20.15,20.23,20.2389,-0.2071,48855.0,139.0,77960.0,234527.0,6135.0,19.619,21.6206,False,False,False,68727.02,1.0073621699296724,28.57142857142857,False,False,0.0,0.0,0,GREEN
1098,2025-06-26,N (Jul 2025),19.05,19.15,18.75,18.95,18.9112,-0.1064,68608,0,157037,Q (Aug 2025),20.25,20.35,20.0,20.2,20.1218,-0.1171,47561.0,0.0,85570.0,242607.0,8080.0,19.584,21.3996,False,False,False,68266.38,1.0050042202325653,27.77777777777778,False,False,0.0,0.0,0,GREEN
1099,2025-06-27,N (Jul 2025),18.9,19.35,18.6,18.85,18.8523,-0.0589,68622,1753,151319,Q (Aug 2025),20.11,20.42,19.92,20.17,20.1951,0.0733,55091.0,0.0,95881.0,247200.0,4593.0,19.5235,21.169599999999996,False,False,False,68436.74,1.0027070254953698,27.77777777777778,False,False,0.0,0.0,0,GREEN
1100,2025-06-30,N (Jul 2025),18.85,18.96,18.5,18.78,18.7125,-0.1398,67062,532,149744,Q (Aug 2025),20.17,20.2,19.9,20.17,20.0976,-0.0975,62420.0,338.0,103836.0,253580.0,6380.0,19.459,20.912200000000002,False,False,False,69748.22,0.9614869024614535,26.190476190476193,False,False,0.0,0.0,0,GREEN
1101,2025-07-01,N (Jul 2025),18.75,19.05,18.48,18.7,18.6524,-0.0601,73966,594,145250,Q (Aug 2025),20.16,20.35,19.9,20.16,20.1918,0.0942,67878.0,275.0,115102.0,260352.0,6772.0,19.4115,20.7562,False,False,False,69622.7,1.0623833893256078,36.507936507936506,False,False,0.0,0.0,0,GREEN
1102,2025-07-02,N (Jul 2025),18.75,18.9,18.4,18.55,18.5591,-0.0933,67243,308,141741,Q (Aug 2025),20.15,20.27,19.9,20.1,20.1827,-0.0091,59719.0,308.0,126117.0,267858.0,7506.0,19.379,20.5612,False,False,False,69251.0,0.9710040288226884,26.984126984126984,False,False,0.0,0.0,0,GREEN
1103,2025-07-03,N (Jul 2025),18.55,18.56,18.0,18.4,18.3205,-0.2386,65267,0,134777,Q (Aug 2025),20.11,20.15,19.8,20.12,20.0767,-0.106,64738.0,0.0,143330.0,278107.0,10249.0,19.334,20.3986,False,False,False,68526.38,0.952436127517607,24.206349206349206,False,False,0.0,0.0,0,GREEN
1104,2025-07-07,N (Jul 2025),18.35,19.15,18.35,18.84,18.729,0.4085,91965,270,122679,Q (Aug 2025),20.15,20.57,20.0,20.35,20.2403,0.1636,94246.0,360.0,148133.0,270812.0,-7295.0,19.2875,20.2704,False,False,False,68401.18,1.3444943493664876,57.936507936507944,False,False,0.0,0.0,0,GREEN
1105,2025-07-08,N (Jul 2025),18.8,18.9,17.9,17.9,18.0173,-0.7117,80969,700,112640,Q (Aug 2025),20.3,20.33,19.65,19.71,19.8183,-0.422,79762.0,170.0,156128.0,268768.0,-2044.0,19.25,20.14,False,False,False,68544.18,1.1812673227690522,46.42857142857143,False,False,0.0,0.0,0,GREEN
1106,2025-07-09,N (Jul 2025),17.9,18.0,17.05,17.16,17.0818,-0.9355,96874,3520,91655,Q (Aug 2025),19.7,19.75,19.2,19.33,19.2593,-0.559,87160.0,1725.0,171536.0,263191.0,-5577.0,19.190499999999997,20.0132,False,False,False,69069.46,1.4025591049937265,61.111111111111114,False,False,0.0,0.0,0,GREEN
1107,2025-07-10,N (Jul 2025),17.15,17.35,16.79,16.85,16.8712,-0.2106,64747,107,79509,Q (Aug 2025),19.34,19.45,19.05,19.15,19.1121,-0.1472,76995.0,374.0,184716.0,264225.0,1034.0,19.1255,19.8752,False,False,False,69201.54,0.9356294672054987,23.41269841269841,False,False,0.0,0.0,0,GREEN
1108,2025-07-11,N (Jul 2025),16.87,17.78,16.75,17.3,17.1231,0.2519,75083,0,64647,Q (Aug 2025),19.1,19.6,18.95,19.25,19.1936,0.0815,87686.0,0.0,198893.0,263540.0,-685.0,19.070500000000003,19.753200000000003,False,False,False,69456.1,1.0810137626500766,38.88888888888889,False,False,0.0,0.0,0,GREEN
1109,2025-07-14,N (Jul 2025),17.48,17.83,17.15,17.25,17.3381,0.215,63814,468,49909,Q (Aug 2025),19.4,19.65,19.25,19.38,19.4824,0.2888,79472.0,951.0,216178.0,266087.0,2547.0,18.994999999999997,19.6232,False,False,False,68772.24,0.9279034680272156,22.61904761904762,False,False,0.0,0.0,0,GREEN
1110,2025-07-15,N (Jul 2025),17.25,17.45,16.61,17.31,16.9855,-0.3526,77703,0,38256,Q (Aug 2025),19.4,19.6,19.03,19.54,19.3911,-0.0913,95483.0,0.0,232530.0,270786.0,4699.0,18.807,19.494,False,False,False,69136.58,1.1239057529313714,42.06349206349206,False,False,0.0,0.0,0,GREEN
1111,2025-07-16,N (Jul 2025),17.25,17.35,16.55,16.6,16.74,-0.2455,2368,0,36052,Q (Aug 2025),19.55,20.45,19.2,19.46,19.5255,0.1344,117397.0,1192.0,231274.0,267326.0,-3460.0,18.6795,19.374000000000002,False,False,False,67813.78,0.03491915654900818,4.761904761904762,False,False,0.0,0.0,0,GREEN
1112,2025-07-17,Q (Aug 2025),19.5,19.55,19.18,19.3,19.4451,-0.0804,63093,195,227746,U (Sep 2025),20.87,21.0,20.66,20.85,20.9494,-0.0041,46108.0,0.0,70334.0,298080.0,,18.592,19.296,True,False,True,68063.0,0.9269794161291744,21.825396825396826,False,False,0.0,0.0,2,YELLOW
1113,2025-07-18,Q (Aug 2025),19.3,19.4,19.05,19.08,19.141,-0.3041,60326,3223,225101,U (Sep 2025),20.85,20.9,20.65,20.75,20.8192,-0.1302,36684.0,280.0,76091.0,301192.0,3112.0,18.496000000000002,19.1896,False,False,True,68242.28,0.8839974279874588,19.444444444444446,False,False,0.0,0.0,1,GREEN
1114,2025-07-21,Q (Aug 2025),19.05,19.1,18.6,19.0,19.0016,-0.1394,69258,1663,218818,U (Sep 2025),20.75,20.8,20.4,20.69,20.6923,-0.1269,44086.0,223.0,79035.0,297853.0,-3339.0,18.391000000000002,19.1004,False,False,True,68471.24,1.011490371723953,31.746031746031743,False,False,0.0,0.0,1,GREEN
1115,2025-07-22,Q (Aug 2025),18.95,19.45,18.85,18.93,18.8975,-0.1041,64662,0,214091,U (Sep 2025),20.66,21.06,20.58,20.71,20.705,0.0127,42185.0,0.0,83372.0,297463.0,-390.0,18.305,19.031799999999997,False,False,True,68367.54,0.9457997172342314,24.6031746031746,False,False,0.0,0.0,1,GREEN
1116,2025-07-23,Q (Aug 2025),18.95,18.95,17.95,17.96,18.0956,-0.8019,92812,1109,208549,U (Sep 2025),20.68,20.7,19.92,19.92,20.0524,-0.6526,56039.0,277.0,93051.0,301600.0,4137.0,18.238,18.952,False,False,False,69214.6,1.340930959653021,60.317460317460316,False,False,0.0,0.0,0,GREEN
1117,2025-07-24,Q (Aug 2025),17.95,18.17,17.8,18.06,18.0782,-0.0174,87354,374,204569,U (Sep 2025),19.95,20.05,19.8,19.85,19.8785,-0.1739,63491.0,390.0,106905.0,311474.0,9874.0,18.1885,18.9422,False,False,False,68905.44,1.267737351361518,53.96825396825397,False,False,0.0,0.0,0,GREEN
1118,2025-07-25,Q (Aug 2025),18.0,18.25,17.84,17.91,17.8844,-0.1938,58325,991,200691,U (Sep 2025),19.85,20.0,19.7,19.77,19.7887,-0.0898,43491.0,385.0,113167.0,313858.0,2384.0,18.136499999999998,18.9284,False,False,False,68803.66,0.8477019972484021,17.46031746031746,False,False,0.0,0.0,0,GREEN
1119,2025-07-28,Q (Aug 2025),17.8,17.8,17.0,17.3,17.3948,-0.4896,74085,776,198847,U (Sep 2025),19.6,19.65,18.95,19.25,19.3055,-0.4832,61151.0,365.0,122950.0,321797.0,7939.0,18.059,18.8974,False,False,False,69254.34,1.0697524516153067,40.07936507936508,False,False,0.0,0.0,0,GREEN
1120,2025-07-29,Q (Aug 2025),17.32,17.95,17.02,17.95,17.8434,0.4486,88395,0,196617,U (Sep 2025),19.22,19.8,19.05,19.73,19.7103,0.4048,64971.0,0.0,131160.0,327777.0,5980.0,18.0175,18.8924,False,False,False,70017.7,1.2624664906159444,55.952380952380956,False,False,0.0,0.0,0,GREEN
1121,2025-07-30,Q (Aug 2025),17.95,18.3,17.5,17.5,17.9038,0.0604,97673,0,186062,U (Sep 2025),19.72,20.0,19.4,19.45,19.7879,0.0776,72811.0,0.0,136989.0,323051.0,-4726.0,17.9575,18.8744,False,False,False,71036.66,1.3749661090484828,65.07936507936508,False,False,0.0,0.0,0,GREEN
1122,2025-07-31,Q (Aug 2025),17.48,18.2,17.2,18.05,17.9566,0.0528,104325,821,182198,U (Sep 2025),19.45,20.02,19.18,19.94,19.8708,0.0829,79575.0,2075.0,147590.0,329788.0,6737.0,17.932499999999997,18.8722,False,False,True,72230.2,1.4443404559311757,75.79365079365078,False,False,0.0,0.0,1,GREEN
1123,2025-08-01,Q (Aug 2025),18.05,20.48,17.97,19.9,19.8518,1.8952,217768,872,162389,U (Sep 2025),19.9,21.45,19.88,21.05,21.1103,1.2395,151609.0,269.0,146957.0,309346.0,-20442.0,18.0075,18.9108,True,True,True,75586.94,2.8810268017199796,96.03174603174604,True,True,1.0,1.0,5,ORANGE
1124,2025-08-04,Q (Aug 2025),19.75,20.12,17.9,17.95,18.1045,-1.7473,117021,210,154653,U (Sep 2025),21.1,21.23,19.83,19.85,19.9853,-1.125,77618.0,720.0,157972.0,312625.0,3279.0,17.963,18.8978,False,False,False,77889.0,1.502407271886916,81.34920634920636,False,False,1.0,1.0,0,GREEN
1125,2025-08-05,Q (Aug 2025),17.95,19.0,17.7,18.4,18.3111,0.2066,94773,0,147755,U (Sep 2025),19.85,20.65,19.6,20.17,20.1609,0.1756,74959.0,0.0,165300.0,313055.0,430.0,17.988,18.8548,False,True,True,77779.0,1.218490852286607,63.49206349206349,False,False,1.0,1.0,2,YELLOW
1126,2025-08-06,Q (Aug 2025),18.4,18.46,17.6,17.68,17.6048,-0.7063,81418,0,142125,U (Sep 2025),20.19,20.25,19.55,19.6,19.5688,-0.5921,61996.0,22.0,171893.0,314018.0,963.0,18.014000000000003,18.7668,False,True,False,77291.68,1.0533863411948092,49.60317460317461,False,False,1.0,1.0,1,GREEN
1127,2025-08-07,Q (Aug 2025),17.85,18.2,17.25,17.7,17.7978,0.193,82325,0,134734,U (Sep 2025),19.65,20.0,19.25,19.56,19.7075,0.1387,77263.0,1025.0,180344.0,315078.0,1060.0,18.0565,18.7298,False,True,False,77267.92,1.0654486363810491,50.0,False,False,1.0,1.0,1,GREEN
1128,2025-08-08,Q (Aug 2025),17.65,17.75,16.73,16.75,16.868,-0.9298,87905,565,128717,U (Sep 2025),19.57,19.65,19.05,19.05,19.1604,-0.5471,81088.0,1201.0,191777.0,320494.0,5416.0,18.029,18.671799999999998,False,False,False,77769.82,1.130322791026133,55.952380952380956,False,False,0.0,1.0,0,GREEN
1129,2025-08-11,Q (Aug 2025),16.7,17.05,16.6,16.95,16.9014,0.0334,77945,59,119500,U (Sep 2025),19.1,19.4,19.0,19.35,19.2976,0.1372,94030.0,0.0,210113.0,329613.0,9119.0,18.014,18.6096,False,False,False,78175.2,0.9970553321257893,44.84126984126984,False,False,0.0,1.0,0,GREEN
1130,2025-08-12,Q (Aug 2025),16.95,17.1,15.85,15.9,15.8937,-1.0077,88936,759,113164,U (Sep 2025),19.35,19.45,18.5,18.5,18.5508,-0.7468,84228.0,1995.0,226038.0,339202.0,9589.0,17.9435,18.5262,False,False,False,78580.32,1.1317846504061067,58.730158730158735,False,False,0.0,1.0,0,GREEN
1131,2025-08-13,Q (Aug 2025),15.91,16.0,15.5,15.75,15.6455,-0.2482,80242,152,103082,U (Sep 2025),18.55,18.6,18.25,18.52,18.4996,-0.0512,92558.0,609.0,234839.0,337921.0,-1281.0,17.901,18.4482,False,False,False,79037.26,1.015242684273215,48.80952380952381,False,False,0.0,1.0,0,GREEN
1132,2025-08-14,Q (Aug 2025),15.7,16.1,15.47,15.81,15.7256,0.0801,75717,318,90735,U (Sep 2025),18.55,18.9,18.37,18.55,18.5444,0.0448,97543.0,772.0,248658.0,339393.0,1472.0,17.7265,18.3804,False,False,False,79389.4,0.9537419353213402,42.06349206349206,False,False,0.0,1.0,0,GREEN
1133,2025-08-15,Q (Aug 2025),15.8,15.96,15.48,15.78,15.7742,0.0486,69731,4352,76818,U (Sep 2025),18.55,18.65,18.35,18.45,18.4744,-0.07,90541.0,5888.0,258215.0,335033.0,-4360.0,17.5615,18.31,False,False,False,79671.52,0.8752311993043436,33.730158730158735,False,False,0.0,0.0,0,GREEN
1134,2025-08-18,Q (Aug 2025),15.86,15.98,15.3,15.33,15.3206,-0.4536,75608,68,62405,U (Sep 2025),18.52,18.6,17.93,17.95,18.009,-0.4654,87442.0,786.0,267074.0,329479.0,-5554.0,17.377999999999997,18.2212,False,False,False,79476.38,0.9513266708926601,42.06349206349206,False,False,0.0,0.0,0,GREEN
1135,2025-08-19,Q (Aug 2025),15.35,15.8,15.0,15.5,15.5738,0.2532,78243,404,48660,U (Sep 2025),17.97,18.5,17.78,18.35,18.3931,0.3841,121009.0,748.0,276905.0,325565.0,-3914.0,17.2065,18.1582,False,False,False,79716.78,0.9815122989162383,46.42857142857143,False,False,0.0,0.0,0,GREEN
1136,2025-08-20,Q (Aug 2025),15.4,15.75,15.35,15.55,15.41,-0.1638,1636,0,47175,U (Sep 2025),18.35,19.0,18.2,18.25,18.3008,-0.0923,112174.0,108.0,263156.0,310331.0,-15234.0,17.086,18.1022,False,False,False,78669.46,0.02079587173980856,3.1746031746031744,False,False,0.0,0.0,0,GREEN
1137,2025-08-21,U (Sep 2025),18.25,18.86,18.1,18.65,18.6088,0.308,91598,0,255319,V (Oct 2025),20.1,20.58,19.98,20.35,20.3754,0.2285,54757.0,0.0,79197.0,334516.0,,17.1155,18.1122,True,True,True,79386.16,1.1538283247356969,62.698412698412696,False,False,0.0,0.0,3,YELLOW
1138,2025-08-22,U (Sep 2025),18.6,18.85,16.95,17.05,16.9975,-1.6113,141366,4485,243586,V (Oct 2025),20.37,20.51,19.0,19.0,19.0513,-1.3241,75005.0,545.0,84528.0,328114.0,-6402.0,17.072499999999998,18.0852,False,False,False,80421.62,1.7578108971194564,87.6984126984127,False,False,0.0,0.0,0,GREEN
1139,2025-08-25,U (Sep 2025),16.95,17.35,16.9,17.04,17.0172,0.0197,85113,0,236685,V (Oct 2025),19.0,19.25,18.95,19.11,19.1565,0.1052,54033.0,0.0,95577.0,332262.0,4148.0,17.0595,18.050800000000002,False,False,False,80542.8,1.0567425021230947,53.57142857142857,False,False,0.0,0.0,0,GREEN
1140,2025-08-26,U (Sep 2025),17.05,17.45,16.8,16.8,16.8867,-0.1305,79296,0,229788,V (Oct 2025),19.17,19.48,19.0,19.08,19.0898,-0.0667,54732.0,875.0,105411.0,335199.0,2937.0,17.002000000000002,17.9654,False,False,False,79322.26,0.9996689453880916,47.61904761904761,False,False,0.0,0.0,0,GREEN
1141,2025-08-27,U (Sep 2025),16.85,17.25,16.8,16.94,16.9045,0.0178,71592,3614,225259,V (Oct 2025),19.1,19.35,19.02,19.18,19.1748,0.085,53666.0,1627.0,116048.0,341307.0,6108.0,16.974,17.921200000000002,False,False,False,79309.44,0.9026920376691602,34.92063492063492,False,False,0.0,0.0,0,GREEN
1142,2025-08-28,U (Sep 2025),16.95,17.1,16.6,16.8,16.6525,-0.252,76190,235,219457,V (Oct 2025),19.2,19.3,18.95,19.11,19.0363,-0.1385,58679.0,0.0,125087.0,344544.0,3237.0,16.9115,17.836199999999998,False,False,False,79424.58,0.9592748239902559,42.857142857142854,False,False,0.0,0.0,0,GREEN
1143,2025-08-29,U (Sep 2025),16.8,17.35,16.55,17.08,17.149,0.4965,115648,0,206335,V (Oct 2025),19.12,19.42,18.9,19.32,19.3442,0.3079,76766.0,0.0,138053.0,344388.0,-156.0,16.770500000000002,17.7578,False,False,True,81711.44,1.4153220161093722,82.93650793650794,False,False,0.0,0.0,1,GREEN
1144,2025-09-02,U (Sep 2025),17.1,18.7,16.7,17.5,17.7246,0.5756,168097,625,190201,V (Oct 2025),19.3,20.35,19.1,19.66,19.8497,0.5055,97738.0,0.0,145332.0,335533.0,-8855.0,16.747999999999998,17.6858,False,False,True,83237.44,2.0194878650761003,91.66666666666666,True,True,1.0,1.0,3,YELLOW
1145,2025-09-03,U (Sep 2025),17.5,17.7,17.1,17.15,17.1889,-0.5357,101604,0,183082,V (Oct 2025),19.65,19.8,19.3,19.36,19.4266,-0.4231,78453.0,0.0,159760.0,342842.0,7309.0,16.685499999999998,17.6158,False,False,True,83205.68,1.2211185582522732,74.60317460317461,False,False,1.0,1.0,1,GREEN
1146,2025-09-04,U (Sep 2025),17.15,17.18,16.5,16.53,16.5962,-0.5927,101807,235,168171,V (Oct 2025),19.4,19.4,18.8,18.81,18.8515,-0.5751,78821.0,261.0,172509.0,340680.0,-2162.0,16.628,17.5604,False,False,False,83108.22,1.2249931474889006,74.60317460317461,False,False,1.0,1.0,0,GREEN
1147,2025-09-05,U (Sep 2025),16.55,17.36,16.1,16.8,16.7106,0.1144,136138,1578,156944,V (Oct 2025),18.8,19.3,18.4,18.95,18.8991,0.0476,103393.0,2170.0,187443.0,344387.0,3707.0,16.583000000000002,17.515400000000003,False,False,True,84446.32,1.6121247201772675,86.5079365079365,False,False,1.0,1.0,1,GREEN
1148,2025-09-08,U (Sep 2025),16.75,16.8,16.3,16.35,16.3618,-0.3488,86506,0,142190,V (Oct 2025),19.0,19.0,18.45,18.52,18.5378,-0.3613,80734.0,0.0,203333.0,345523.0,1136.0,16.563,17.4634,False,False,False,84804.28,1.0200664400428847,55.952380952380956,False,False,1.0,1.0,0,GREEN
1149,2025-09-09,U (Sep 2025),16.36,16.76,16.2,16.25,16.2916,-0.0702,87946,239,127726,V (Oct 2025),18.53,18.82,18.4,18.4,18.4396,-0.0982,84307.0,133.0,220482.0,348208.0,2685.0,16.528,17.4114,False,False,False,85190.76,1.0323420051658185,57.936507936507944,False,False,0.0,1.0,0,GREEN
1150,2025-09-10,U (Sep 2025),16.3,16.4,15.85,16.19,16.1314,-0.1602,85996,0,114863,V (Oct 2025),18.41,18.55,18.2,18.41,18.3931,-0.0465,81429.0,0.0,229818.0,344681.0,-3527.0,16.542499999999997,17.3596,False,True,False,85569.44,1.004984957246419,55.952380952380956,False,False,0.0,1.0,1,GREEN
1151,2025-09-11,U (Sep 2025),16.2,16.2,15.6,15.65,15.6473,-0.4841,85753,404,97235,V (Oct 2025),18.37,18.4,17.95,18.02,17.995,-0.3981,80513.0,1518.0,242750.0,339985.0,-4696.0,16.5375,17.2986,False,False,False,85805.18,0.9993918782059545,55.55555555555556,False,False,0.0,1.0,0,GREEN
1152,2025-09-12,U (Sep 2025),15.68,15.76,15.4,15.65,15.5928,-0.0545,73019,150,87145,V (Oct 2025),18.0,18.05,17.75,18.01,17.9471,-0.0479,84859.0,832.0,253513.0,340658.0,673.0,16.5295,17.2406,False,False,False,85920.7,0.8498417727043658,36.507936507936506,False,False,0.0,1.0,0,GREEN
1153,2025-09-15,U (Sep 2025),15.7,15.9,15.25,15.8,15.7566,0.1638,83936,59,64956,V (Oct 2025),17.95,18.2,17.75,18.16,18.1366,0.1895,93526.0,509.0,266497.0,331453.0,-9205.0,16.5305,17.1886,False,True,False,86294.08,0.9726739076423319,53.96825396825397,False,False,0.0,1.0,1,GREEN
1154,2025-09-16,U (Sep 2025),15.8,16.25,15.6,15.95,16.1034,0.3468,86203,34,44851,V (Oct 2025),18.15,18.5,18.1,18.35,18.4512,0.3146,125590.0,624.0,286223.0,331074.0,-379.0,16.561500000000002,17.1308,False,True,False,86178.84,1.0002803472406916,57.53968253968254,False,False,0.0,0.0,1,GREEN
1155,2025-09-17,U (Sep 2025),16.0,16.5,15.75,16.15,15.86,-0.2434,2097,0,43952,V (Oct 2025),18.4,18.5,17.5,17.71,17.7786,-0.6726,128554.0,1068.0,268685.0,312637.0,-18437.0,16.594,17.0958,False,True,False,84601.4,0.02478682385870683,4.365079365079365,False,False,0.0,0.0,1,GREEN
1156,2025-09-18,V (Oct 2025),17.73,17.8,17.25,17.65,17.677,-0.1016,80681,0,259799,X (Nov 2025),19.2,19.3,18.92,19.2,19.25,0.0012,47395.0,0.0,85695.0,345494.0,,16.699,17.105600000000003,True,True,True,84277.54,0.9573250476936086,50.39682539682539,False,False,0.0,0.0,3,YELLOW
1157,2025-09-19,V (Oct 2025),17.65,18.0,17.55,17.7,17.7179,0.0409,62788,684,256033,X (Nov 2025),19.2,19.45,19.12,19.26,19.2825,0.0325,36915.0,59.0,90696.0,346729.0,1235.0,16.6515,17.1226,True,False,True,84238.36,0.7453611395093637,21.428571428571427,False,False,0.0,0.0,2,YELLOW
1158,2025-09-22,V (Oct 2025),17.75,18.15,17.7,18.02,18.0476,0.3297,74303,0,250824,X (Nov 2025),19.3,19.6,19.25,19.5,19.534,0.2515,47593.0,0.0,95756.0,346580.0,-149.0,16.7,17.136999999999997,True,True,True,84222.76,0.8822199604952391,39.682539682539684,False,False,0.0,0.0,3,YELLOW
1159,2025-09-23,V (Oct 2025),18.0,18.6,17.9,18.25,18.34,0.2924,91768,0,241043,X (Nov 2025),19.49,19.95,19.4,19.68,19.708,0.174,63124.0,0.0,100061.0,341104.0,-5476.0,16.7605,17.156999999999996,True,True,True,84781.84,1.08240160864638,65.47619047619048,False,False,0.0,0.0,3,YELLOW
1160,2025-09-24,V (Oct 2025),18.25,18.65,17.95,17.95,18.0413,-0.2987,84223,0,231186,X (Nov 2025),19.68,19.95,19.4,19.4,19.5247,-0.1833,58568.0,0.0,101708.0,332894.0,-8210.0,16.818,17.1698,True,True,True,84912.24,0.9918829134645369,54.36507936507936,False,False,0.0,0.0,3,YELLOW
1161,2025-09-25,V (Oct 2025),17.96,18.7,17.85,18.33,18.3333,0.292,103766,0,227624,X (Nov 2025),19.42,19.95,19.35,19.72,19.7125,0.1878,60577.0,0.0,109062.0,336686.0,3792.0,16.8875,17.2044,True,True,True,86940.2,1.1935330261490082,79.36507936507937,False,False,0.0,0.0,3,YELLOW
1162,2025-09-26,V (Oct 2025),18.35,18.4,17.45,17.5,17.4931,-0.8402,118560,0,222010,X (Nov 2025),19.71,19.85,19.0,19.07,19.0568,-0.6557,70452.0,0.0,115782.0,337792.0,1106.0,16.9225,17.168400000000002,True,True,True,88049.54,1.3465147007014462,84.52380952380952,False,False,0.0,0.0,3,YELLOW
1163,2025-09-29,V (Oct 2025),17.55,17.9,17.25,17.75,17.7466,0.2535,73537,558,216507,X (Nov 2025),19.1,19.37,18.85,19.35,19.2967,0.2399,50609.0,262.0,120874.0,337381.0,-411.0,16.956,17.1418,True,True,True,88313.76,0.8326788486867732,36.11111111111111,False,False,0.0,0.0,3,YELLOW
1164,2025-09-30,V (Oct 2025),17.8,18.05,17.55,17.75,17.588,-0.1586,60672,582,211838,X (Nov 2025),19.3,19.5,19.15,19.35,19.2492,-0.0475,52426.0,327.0,130355.0,342193.0,4812.0,16.9685,17.1168,True,True,True,88142.04,0.6883434964745541,18.253968253968253,False,False,0.0,0.0,3,YELLOW
1165,2025-10-01,V (Oct 2025),17.7,18.27,17.45,17.6,17.5014,-0.0866,67777,450,207857,X (Nov 2025),19.28,19.67,19.06,19.2,19.1491,-0.1001,57542.0,290.0,139302.0,347159.0,4966.0,16.991000000000003,17.0902,True,True,True,88204.34,0.7684089014214041,27.77777777777778,False,False,0.0,0.0,3,YELLOW
1166,2025-10-02,V (Oct 2025),17.6,17.9,17.35,17.8,17.842,0.3406,70965,505,206019,X (Nov 2025),19.22,19.35,19.05,19.31,19.3483,0.1992,55225.0,397.0,148423.0,354442.0,7283.0,17.054499999999997,17.087,True,True,True,87767.4,0.8085576193438566,32.93650793650794,False,False,0.0,0.0,3,YELLOW
1167,2025-10-03,V (Oct 2025),17.85,18.05,17.65,17.8,17.7273,-0.1147,67965,498,197708,X (Nov 2025),19.31,19.41,19.1,19.25,19.2466,-0.1017,57776.0,432.0,159063.0,356771.0,2329.0,17.104499999999998,17.081799999999998,True,True,True,87379.62,0.7778129499762073,28.174603174603174,False,False,0.0,0.0,3,YELLOW
1168,2025-10-06,V (Oct 2025),17.8,17.95,17.5,17.6,17.602,-0.1253,91869,0,188106,X (Nov 2025),19.26,19.35,19.05,19.1,19.1017,-0.1449,66235.0,0.0,163760.0,351866.0,-4905.0,17.167,17.075599999999998,True,True,True,88050.5,1.0433671586192015,65.87301587301587,False,False,0.0,0.0,3,YELLOW
1169,2025-10-07,V (Oct 2025),17.65,18.3,17.45,18.05,18.1013,0.4993,95898,0,177054,X (Nov 2025),19.1,19.58,18.97,19.4,19.491,0.3893,85699.0,0.0,173848.0,350902.0,-964.0,17.257,17.090600000000002,True,True,True,88486.76,1.0837553550384262,69.44444444444444,False,False,0.0,0.0,3,YELLOW
1170,2025-10-08,V (Oct 2025),18.05,18.15,17.5,17.55,17.6497,-0.4516,70793,0,170713,X (Nov 2025),19.4,19.47,19.05,19.05,19.2059,-0.2851,67716.0,0.0,186972.0,357685.0,6783.0,17.325,17.0826,True,True,True,88134.72,0.8032362274481611,33.33333333333333,False,False,0.0,0.0,3,YELLOW
1171,2025-10-09,V (Oct 2025),17.55,18.15,17.5,17.7,17.7004,0.0507,84360,114,164304,X (Nov 2025),19.1,19.51,19.0,19.23,19.2535,0.0476,84007.0,171.0,190158.0,354462.0,-3223.0,17.427500000000002,17.0866,True,True,True,87868.46,0.9600714522594341,54.36507936507936,False,False,0.0,0.0,3,YELLOW
1172,2025-10-10,V (Oct 2025),17.68,22.09,17.5,22.05,21.0095,3.3091,258203,0,147297,X (Nov 2025),19.21,22.0,19.11,21.98,21.2344,1.9809,210390.0,270.0,200737.0,348034.0,-6428.0,17.7475,17.166600000000003,True,True,True,90946.02,2.8390797090405933,99.20634920634922,True,True,1.0,1.0,5,ORANGE
1173,2025-10-13,V (Oct 2025),21.3,21.3,18.9,19.1,19.0245,-1.985,154655,0,121671,X (Nov 2025),21.4,21.4,19.6,19.7,19.6943,-1.5401,145913.0,0.0,216585.0,338256.0,-9778.0,17.9125,17.1506,True,True,True,89683.76,1.724448216711699,90.87301587301587,False,True,2.0,2.0,5,ORANGE
1174,2025-10-14,V (Oct 2025),19.05,21.65,18.68,20.45,20.2857,1.2612,140222,0,98704,X (Nov 2025),19.72,21.3,19.4,20.5,20.4843,0.79,137897.0,0.0,222962.0,321666.0,-16590.0,18.1375,17.200599999999998,True,True,True,90147.78,1.555468143530545,87.6984126984127,False,False,2.0,2.0,4,ORANGE
1175,2025-10-15,V (Oct 2025),20.4,21.6,19.44,20.85,20.7228,0.4371,101470,192,88123,X (Nov 2025),20.5,21.08,19.85,20.69,20.6812,0.1969,106070.0,35.0,225331.0,313454.0,-8212.0,18.3725,17.2496,True,True,True,90281.72,1.123926305347306,75.39682539682539,False,False,2.0,2.0,4,ORANGE
1176,2025-10-16,V (Oct 2025),20.85,24.2,20.23,24.09,24.0259,3.3031,144120,424,84821,X (Nov 2025),20.7,22.56,20.25,22.42,22.4142,1.733,194056.0,2230.0,241125.0,325946.0,12492.0,18.694499999999998,17.3778,True,True,True,91535.76,1.574466634679168,88.88888888888889,False,False,2.0,2.0,4,ORANGE
1177,2025-10-17,V (Oct 2025),24.0,27.9,20.8,20.8,20.9137,-3.1122,136280,276,72251,X (Nov 2025),22.35,24.05,20.59,20.63,20.7096,-1.7046,190180.0,2210.0,242844.0,315095.0,-10851.0,18.8495,17.4398,True,True,True,92614.86,1.471470129091595,86.5079365079365,False,False,1.0,2.0,3,YELLOW
1178,2025-10-20,V (Oct 2025),20.8,21.1,18.35,18.4,18.4487,-2.465,110447,99,60074,X (Nov 2025),20.55,20.7,19.1,19.15,19.1805,-1.5291,155737.0,1143.0,248360.0,308434.0,-6661.0,18.8685,17.4728,True,True,False,93065.7,1.1867637593656954,81.34920634920636,False,False,0.0,2.0,2,YELLOW
1179,2025-10-21,V (Oct 2025),18.4,19.04,17.65,18.05,18.018,-0.4307,79274,850,49746,X (Nov 2025),19.15,19.7,18.9,19.15,19.0436,-0.1369,116790.0,1702.0,254707.0,304453.0,-3981.0,18.8585,17.4948,True,False,False,93092.28,0.8515636312699614,45.23809523809524,False,False,0.0,2.0,1,GREEN
1180,2025-10-22,V (Oct 2025),18.1,18.5,17.8,18.0,18.7,0.682,1265,0,46641,X (Nov 2025),19.15,20.4,18.95,19.35,19.3039,0.2603,158986.0,2120.0,241328.0,287969.0,-16484.0,18.860999999999997,17.5368,True,True,False,91338.86,0.013849526915488106,1.1904761904761905,False,False,0.0,2.0,2,YELLOW
1181,2025-10-23,X (Nov 2025),19.35,19.7,18.85,18.85,18.9203,-0.3836,86329,0,237664,Z (Dec 2025),19.95,20.12,19.55,19.55,19.6218,-0.2408,51245.0,0.0,91458.0,329122.0,,18.887,17.5988,True,True,False,91460.6,0.943892780060485,55.158730158730165,False,False,0.0,2.0,2,YELLOW
1182,2025-10-24,X (Nov 2025),18.85,18.85,18.35,18.6,18.6373,-0.283,101794,57,226158,Z (Dec 2025),19.55,19.55,19.17,19.32,19.3431,-0.2787,61437.0,0.0,98708.0,324866.0,-4256.0,18.942,17.654600000000002,True,True,False,91982.14,1.106671360331473,75.0,False,False,0.0,1.0,2,YELLOW
1183,2025-10-27,X (Nov 2025),18.25,18.3,17.75,18.0,18.0336,-0.6037,89646,0,218262,Z (Dec 2025),19.15,19.15,18.5,18.9,18.9361,-0.407,54150.0,0.0,104941.0,323203.0,-1663.0,18.954500000000003,17.699,True,True,False,92380.44,0.9704002275806437,60.317460317460316,False,False,0.0,0.0,2,YELLOW
1184,2025-10-28,X (Nov 2025),18.01,18.6,17.95,18.53,18.5732,0.5396,73094,0,211957,Z (Dec 2025),18.92,19.45,18.85,19.36,19.4043,0.4682,58110.0,0.0,112681.0,324638.0,1435.0,18.9935,17.763,True,True,False,92330.16,0.7916589768716961,34.12698412698413,False,False,0.0,0.0,2,YELLOW
1185,2025-10-29,X (Nov 2025),18.51,19.0,18.18,18.85,18.9367,0.3635,99209,0,207148,Z (Dec 2025),19.37,19.75,19.09,19.65,19.6877,0.2834,77737.0,0.0,119379.0,326527.0,1889.0,19.056,17.830000000000002,True,True,False,92749.48,1.069644810946649,71.03174603174604,False,False,0.0,0.0,2,YELLOW
1186,2025-10-30,X (Nov 2025),18.95,19.26,18.4,18.6,19.108,0.1713,99963,0,202975,Z (Dec 2025),19.68,20.05,19.35,19.55,19.9203,0.2326,74177.0,0.0,127981.0,330956.0,4429.0,19.096,17.891,True,True,False,94716.02,1.0553969645261698,71.42857142857143,False,False,0.0,0.0,2,YELLOW
1187,2025-10-31,X (Nov 2025),18.64,19.65,18.44,19.1,19.1308,0.0228,95827,0,195578,Z (Dec 2025),19.51,20.3,19.35,19.87,19.9632,0.0429,73171.0,0.0,131821.0,327399.0,-3557.0,19.161,17.9,True,True,False,94800.6,1.0108269356944997,66.26984126984127,False,False,0.0,0.0,2,YELLOW
1188,2025-11-03,X (Nov 2025),19.05,19.68,18.75,18.85,18.938,-0.1928,75530,0,187255,Z (Dec 2025),19.85,20.27,19.65,19.85,19.8978,-0.0654,68449.0,0.0,141910.0,329165.0,1766.0,19.2235,17.936,True,True,False,93483.88,0.8079467818408906,38.095238095238095,False,False,0.0,0.0,2,YELLOW
1189,2025-11-04,X (Nov 2025),18.94,20.21,18.9,19.75,19.7605,0.8225,103215,0,177203,Z (Dec 2025),19.85,20.73,19.85,20.42,20.5025,0.6047,100293.0,0.0,152667.0,329870.0,705.0,19.3085,17.9902,True,True,True,93845.92,1.0998347077848456,77.38095238095238,False,False,0.0,0.0,3,YELLOW
1190,2025-11-05,X (Nov 2025),19.7,20.65,18.7,19.0,18.9114,-0.8491,102988,0,166379,Z (Dec 2025),20.4,21.01,19.5,19.77,19.7592,-0.7433,84807.0,0.0,159557.0,325936.0,-3934.0,19.381,18.034200000000002,True,True,False,94319.76,1.091902693560713,76.5873015873016,False,False,0.0,0.0,2,YELLOW
1191,2025-11-06,X (Nov 2025),18.95,20.38,18.75,19.85,20.053,1.1416,123041,0,154239,Z (Dec 2025),19.75,20.62,19.6,20.25,20.3851,0.6259,104277.0,0.0,164768.0,319007.0,-6929.0,19.4885,18.0924,True,True,True,95348.74,1.2904313156104632,84.52380952380952,False,False,0.0,0.0,3,YELLOW
1192,2025-11-07,X (Nov 2025),19.9,21.7,19.7,19.8,19.8557,-0.1973,148589,0,132779,Z (Dec 2025),20.2,21.3,20.1,20.13,20.2058,-0.1793,123661.0,0.0,166803.0,299582.0,-19425.0,19.376,18.1524,True,False,True,96796.72,1.535062345087726,89.28571428571429,False,False,0.0,0.0,2,YELLOW
1193,2025-11-10,X (Nov 2025),19.6,19.6,18.4,18.41,18.5012,-1.3545,111216,0,117347,Z (Dec 2025),19.95,19.95,19.17,19.2,19.2457,-0.9601,107817.0,0.0,180009.0,297356.0,-2226.0,19.341500000000003,18.179000000000002,True,False,False,96708.08,1.1500176613991302,81.34920634920636,False,False,0.0,0.0,1,GREEN
1194,2025-11-11,X (Nov 2025),18.45,18.7,18.2,18.35,18.3268,-0.1744,62515,0,109057,Z (Dec 2025),19.2,19.4,19.1,19.3,19.2449,-0.0008,68951.0,0.0,191847.0,300904.0,3548.0,19.2365,18.195999999999998,True,False,False,94596.44,0.6608599647090313,17.46031746031746,False,False,0.0,0.0,1,GREEN
1195,2025-11-12,X (Nov 2025),18.35,18.62,18.05,18.35,18.3384,0.0116,76838,0,96027,Z (Dec 2025),19.3,19.6,19.1,19.45,19.3997,0.1548,81931.0,0.0,206049.0,302076.0,1172.0,19.1115,18.22,True,False,False,94101.12,0.816547135677025,40.476190476190474,False,False,0.0,0.0,1,GREEN
1196,2025-11-13,X (Nov 2025),18.4,20.9,18.2,20.35,20.4452,2.1068,128398,260,79389,Z (Dec 2025),19.44,20.85,19.3,20.5,20.5383,1.1386,132324.0,0.0,214610.0,293999.0,-8077.0,18.924500000000002,18.296400000000002,True,False,True,94632.94,1.3568002853974526,84.92063492063492,False,False,0.0,0.0,2,YELLOW
1197,2025-11-14,X (Nov 2025),20.5,22.0,19.57,19.9,20.0738,-0.3714,125183,315,69195,Z (Dec 2025),20.45,21.35,19.8,20.15,20.1248,-0.4135,153578.0,0.0,224609.0,293804.0,-195.0,18.8795,18.3584,True,False,True,94413.84,1.325896711753277,84.12698412698413,False,False,0.0,0.0,2,YELLOW
1198,2025-11-17,X (Nov 2025),19.8,22.75,19.45,22.0,22.0493,1.9755,118348,0,54650,Z (Dec 2025),20.05,21.35,19.85,21.15,21.1688,1.044,142791.0,0.0,241367.0,296017.0,2213.0,19.059500000000003,18.471400000000003,True,True,True,95050.68,1.2451041907327756,81.74603174603175,False,False,0.0,0.0,3,YELLOW
1199,2025-11-18,X (Nov 2025),22.0,25.2,21.75,24.6,23.9669,1.9176,118274,0,44228,Z (Dec 2025),21.15,22.32,20.99,22.0,21.7706,0.6018,197736.0,0.0,260130.0,304358.0,8341.0,19.387,18.6384,True,True,True,95657.24,1.2364354229747794,81.34920634920636,False,False,0.0,0.0,3,YELLOW
1200,2025-11-19,X (Nov 2025),24.35,25.0,23.6,23.85,23.9,-0.0669,1626,0,42615,Z (Dec 2025),22.0,22.1,20.7,20.91,21.2323,-0.5383,160802.0,415.0,241371.0,283986.0,-20372.0,19.6795,18.791600000000003,True,True,True,93969.84,0.01730342416247596,2.380952380952381,False,False,0.0,0.0,3,YELLOW
1201,2025-11-20,Z (Dec 2025),20.85,23.05,19.65,22.85,22.867,1.6347,245596,18,245665,F (Jan 2026),21.9,23.35,20.95,23.19,23.2206,1.0638,95595.0,0.0,79296.0,324961.0,,19.8795,18.9356,True,True,True,97166.7,2.5275737469729855,98.4126984126984,True,True,1.0,1.0,5,ORANGE
1202,2025-11-21,Z (Dec 2025),22.8,23.45,21.3,21.5,21.5533,-1.3137,195023,5249,223757,F (Jan 2026),23.2,23.67,22.2,22.35,22.4099,-0.8107,90321.0,617.0,84747.0,308504.0,-16457.0,20.0245,19.0526,True,True,True,99606.78,1.9579289682891063,95.63492063492063,True,True,2.0,2.0,6,RED
1203,2025-11-24,Z (Dec 2025),21.2,21.95,19.85,19.95,19.8948,-1.6585,134919,70,205930,F (Jan 2026),22.25,22.67,21.05,21.05,21.1013,-1.3086,67804.0,0.0,90982.0,296912.0,-11592.0,20.122,19.1356,True,True,False,100626.44,1.3407907504230498,85.71428571428571,False,False,2.0,2.0,3,YELLOW
1204,2025-11-25,Z (Dec 2025),19.9,20.75,19.25,19.35,19.3179,-0.5769,107132,1627,191745,F (Jan 2026),21.15,21.68,20.52,20.62,20.5594,-0.5419,67700.0,433.0,103430.0,295175.0,-1737.0,20.163,19.2036,True,True,False,101045.02,1.060240277056702,77.77777777777779,False,False,2.0,2.0,3,YELLOW
1205,2025-11-26,Z (Dec 2025),19.4,19.45,18.6,18.71,18.7431,-0.5748,99924,200,181730,F (Jan 2026),20.65,20.65,20.05,20.13,20.1608,-0.3986,59249.0,0.0,109298.0,291028.0,-4147.0,20.156,19.2548,False,False,False,103001.56,0.9701212292318679,67.85714285714286,False,False,2.0,2.0,1,GREEN
1206,2025-11-28,Z (Dec 2025),18.75,18.85,18.2,18.2,18.2687,-0.4744,54869,0,179513,F (Jan 2026),20.15,20.25,19.8,19.81,19.867,-0.2938,41192.0,0.0,119662.0,299175.0,8147.0,20.136000000000003,19.2658,False,False,False,102485.32,0.5353839945077011,11.11111111111111,False,False,1.0,2.0,0,GREEN
1207,2025-12-01,Z (Dec 2025),18.2,18.91,17.95,18.35,18.3442,0.0755,94695,536,171965,F (Jan 2026),19.8,20.35,19.6,19.8,19.8539,-0.0131,70884.0,312.0,129761.0,301726.0,2551.0,20.0985,19.2788,False,False,False,103123.46,0.9182682582605354,62.301587301587304,False,False,0.0,2.0,0,GREEN
1208,2025-12-02,Z (Dec 2025),18.3,18.4,17.9,18.0,17.9472,-0.397,78347,40,161980,F (Jan 2026),19.8,19.9,19.55,19.7,19.5901,-0.2638,67942.0,0.0,138561.0,300541.0,-1185.0,20.056,19.2784,False,False,False,103204.34,0.7591444313291477,42.06349206349206,False,False,0.0,2.0,0,GREEN
1209,2025-12-03,Z (Dec 2025),18.0,18.35,17.75,17.78,17.7946,-0.1526,83172,443,149992,F (Jan 2026),19.65,19.97,19.45,19.55,19.5796,-0.0105,65513.0,398.0,142568.0,292560.0,-7981.0,19.9575,19.269000000000002,False,False,False,103032.42,0.807241060629266,47.22222222222222,False,False,0.0,2.0,0,GREEN
1210,2025-12-04,Z (Dec 2025),17.8,17.97,17.5,17.55,17.5422,-0.2524,81188,79,138922,F (Jan 2026),19.56,19.7,19.35,19.42,19.4156,-0.164,65351.0,88.0,149800.0,288722.0,-3838.0,19.884999999999998,19.261000000000003,False,False,False,102971.72,0.7884494888499483,45.63492063492063,False,False,0.0,2.0,0,GREEN
1211,2025-12-05,Z (Dec 2025),17.6,17.7,17.25,17.3,17.2631,-0.2791,72380,1700,131069,F (Jan 2026),19.4,19.5,19.15,19.23,19.2329,-0.1827,61377.0,0.0,158047.0,289116.0,394.0,19.7575,19.2404,False,False,False,102344.0,0.7072226999140154,31.746031746031743,False,False,0.0,1.0,0,GREEN
1212,2025-12-08,Z (Dec 2025),17.32,17.87,17.2,17.54,17.6046,0.3415,81894,0,123028,F (Jan 2026),19.24,19.7,19.15,19.45,19.4845,0.2516,68797.0,0.0,164173.0,287201.0,-1915.0,19.6445,19.2412,False,False,False,101610.68,0.8059585862430997,46.03174603174603,False,False,0.0,0.0,0,GREEN
1213,2025-12-09,Z (Dec 2025),17.5,17.8,17.3,17.71,17.609,0.0044,56822,0,114363,F (Jan 2026),19.41,19.63,19.25,19.53,19.4999,0.0154,52849.0,0.0,172311.0,286674.0,-527.0,19.609500000000004,19.2404,False,False,False,101276.38,0.5610587582218085,11.507936507936508,False,False,0.0,0.0,0,GREEN
1214,2025-12-10,Z (Dec 2025),17.7,17.95,16.55,16.71,16.6644,-0.9446,91736,370,106909,F (Jan 2026),19.5,19.67,18.75,18.87,18.8164,-0.6835,75069.0,0.0,181988.0,288897.0,2223.0,19.5275,19.2196,False,False,False,101897.66,0.9002758257647918,58.730158730158735,False,False,0.0,0.0,0,GREEN
1215,2025-12-11,Z (Dec 2025),16.75,17.4,16.05,16.1,16.2564,-0.408,89304,0,94367,F (Jan 2026),18.9,19.34,18.4,18.43,18.5716,-0.2448,82211.0,0.0,189545.0,283912.0,-4985.0,19.415,19.189600000000002,False,False,False,102328.2,0.872721302632119,55.55555555555556,False,False,0.0,0.0,0,GREEN
1216,2025-12-12,Z (Dec 2025),16.1,17.95,15.95,16.7,16.5715,0.3151,123641,102,77950,F (Jan 2026),18.5,19.3,18.3,18.62,18.5508,-0.0208,124657.0,545.0,197673.0,275623.0,-8289.0,19.2325,19.1676,False,False,False,103381.72,1.195965785827514,82.93650793650794,False,False,0.0,0.0,0,GREEN
1217,2025-12-15,Z (Dec 2025),16.65,17.1,16.1,16.53,16.5036,-0.0679,85203,0,62790,F (Jan 2026),18.6,18.96,18.3,18.54,18.5302,-0.0206,88496.0,0.0,205120.0,267910.0,-7713.0,19.064,19.1422,False,False,False,103726.48,0.821419949852728,48.01587301587302,False,False,0.0,0.0,0,GREEN
1218,2025-12-16,Z (Dec 2025),16.55,17.55,16.23,16.75,16.3399,-0.1637,96518,0,50065,F (Jan 2026),18.55,18.95,18.35,18.65,18.5123,-0.0179,111044.0,0.0,217312.0,267377.0,-533.0,18.801499999999997,19.1252,False,False,False,103819.46,0.9296715663903472,63.095238095238095,False,False,0.0,0.0,0,GREEN
1219,2025-12-17,Z (Dec 2025),16.55,16.65,16.15,16.45,16.01,-0.3299,1269,0,48820,F (Jan 2026),18.6,18.9,18.2,18.74,18.8033,0.291,100117.0,0.0,210176.0,258996.0,-8381.0,18.394000000000002,19.0932,False,False,False,101926.88,0.012450101484515173,1.1904761904761905,False,False,0.0,0.0,0,GREEN
1220,2025-12-18,F (Jan 2026),18.75,18.85,18.05,18.3,18.1867,-0.6166,97093,135,202838,G (Feb 2026),20.0,20.05,19.5,19.7,19.6653,-0.392,49660.0,0.0,68879.0,271717.0,,18.1165,19.1082,False,False,True,102452.88,0.9476844379582106,63.49206349206349,False,False,0.0,0.0,1,GREEN
1221,2025-12-19,F (Jan 2026),18.25,18.3,17.35,17.4,17.4453,-0.7414,80598,2721,203742,G (Feb 2026),19.75,19.75,19.0,19.02,19.1272,-0.5381,43939.0,43.0,74264.0,278006.0,6289.0,17.844,19.1022,False,False,False,102377.64,0.7872617497336333,42.06349206349206,False,False,0.0,0.0,0,GREEN
1222,2025-12-22,F (Jan 2026),17.3,17.3,16.8,16.9,16.8537,-0.5916,73258,60,200246,G (Feb 2026),18.95,18.98,18.6,18.67,18.6258,-0.5014,44338.0,0.0,83062.0,283308.0,5302.0,17.613999999999997,18.999200000000002,False,False,False,98678.74,0.7423888874138441,31.349206349206348,False,False,0.0,0.0,0,GREEN
1223,2025-12-23,F (Jan 2026),16.9,17.11,16.8,16.95,16.9364,0.0827,52052,667,194209,G (Feb 2026),18.65,18.8,18.55,18.69,18.7306,0.1048,36557.0,148.0,88282.0,282491.0,-817.0,17.464,18.9562,False,False,False,96626.68,0.5386917981658896,9.523809523809524,False,False,0.0,0.0,0,GREEN
1224,2025-12-24,F (Jan 2026),16.95,17.0,16.75,16.9,16.8532,-0.0832,31402,0,190880,G (Feb 2026),18.71,18.9,18.6,18.8,18.8012,0.0706,22600.0,0.0,92164.0,283044.0,553.0,17.341500000000003,18.8852,False,False,False,94450.28,0.3324712218957953,5.158730158730158,False,False,0.0,0.0,0,GREEN
1225,2025-12-26,F (Jan 2026),16.9,17.1,16.7,16.81,16.8173,-0.0359,40214,271,184437,G (Feb 2026),18.8,18.95,18.61,18.85,18.8394,0.0382,29033.0,101.0,96103.0,280540.0,-2504.0,17.2465,18.8044,False,False,False,93225.16,0.431364236864812,6.349206349206349,False,False,0.0,0.0,0,GREEN
1226,2025-12-29,F (Jan 2026),16.8,17.05,16.45,16.65,16.6251,-0.1922,70519,1053,182104,G (Feb 2026),18.8,18.95,18.45,18.57,18.5604,-0.279,74042.0,491.0,107350.0,289454.0,8914.0,17.169,18.6556,False,False,False,91753.14,0.7685731518289184,28.174603174603174,False,False,0.0,0.0,0,GREEN
1227,2025-12-30,F (Jan 2026),16.65,16.7,16.25,16.36,16.3736,-0.2515,55068,0,178667,G (Feb 2026),18.55,18.6,18.3,18.4,18.3952,-0.1652,46152.0,0.0,113897.0,292564.0,3110.0,17.069499999999998,18.5668,False,False,False,90128.9,0.6109915909325422,11.507936507936508,False,False,0.0,0.0,0,GREEN
1228,2025-12-31,F (Jan 2026),16.36,16.65,16.17,16.5,16.5325,0.1589,53082,433,176523,G (Feb 2026),18.38,18.6,18.25,18.49,18.534,0.1388,43174.0,300.0,118916.0,295439.0,2875.0,16.9945,18.5288,False,False,False,88981.6,0.5965502980391452,10.714285714285714,False,False,0.0,0.0,0,GREEN
1229,2026-01-02,F (Jan 2026),16.45,16.55,16.0,16.1,16.1271,-0.4054,70413,87,170480,G (Feb 2026),18.45,18.5,18.15,18.3,18.2916,-0.2424,56874.0,0.0,125565.0,296045.0,606.0,16.9105,18.4898,False,False,False,88804.38,0.79290007992849,28.57142857142857,False,False,0.0,0.0,0,GREEN
1230,2026-01-05,F (Jan 2026),16.15,16.5,15.9,16.4,16.4125,0.2854,69330,16,163432,G (Feb 2026),18.25,18.45,18.02,18.4,18.406,0.1144,55737.0,0.0,133554.0,296986.0,941.0,16.853,18.4578,False,False,False,90165.68,0.7689178410233252,27.380952380952383,False,False,0.0,0.0,0,GREEN
1231,2026-01-06,F (Jan 2026),16.4,16.61,16.13,16.25,16.2426,-0.1699,67422,272,153581,G (Feb 2026),18.43,18.56,18.1,18.17,18.1904,-0.2156,59563.0,0.0,139568.0,293149.0,-3837.0,16.8005,18.4058,False,False,False,89787.54,0.7509059720313086,23.809523809523807,False,False,0.0,0.0,0,GREEN
1232,2026-01-07,F (Jan 2026),16.2,16.8,16.15,16.7,16.6914,0.4488,81315,696,144437,G (Feb 2026),18.15,18.45,18.07,18.34,18.3472,0.1568,71034.0,455.0,153522.0,297959.0,4810.0,16.7585,18.367800000000003,False,False,False,89377.96,0.9097880506558887,46.03174603174603,False,False,0.0,0.0,0,GREEN
1233,2026-01-08,F (Jan 2026),16.7,17.0,16.38,16.51,16.5193,-0.1721,76965,0,124113,G (Feb 2026),18.33,18.55,18.0,18.07,18.1492,-0.198,78757.0,10.0,161562.0,285675.0,-12284.0,16.6985,18.338,False,False,False,89124.34,0.863568807353861,40.07936507936508,False,False,0.0,0.0,0,GREEN
1234,2026-01-09,F (Jan 2026),16.55,16.77,16.1,16.15,16.1552,-0.3641,69865,0,115977,G (Feb 2026),18.07,18.27,17.75,17.85,17.8657,-0.2835,62214.0,0.0,169904.0,285881.0,206.0,16.6705,18.290399999999998,False,False,False,89059.76,0.7844732570579576,28.968253968253972,False,False,0.0,0.0,0,GREEN
1235,2026-01-12,F (Jan 2026),16.18,16.85,16.05,16.1,16.1224,-0.0328,67130,141,105667,G (Feb 2026),17.84,18.35,17.77,17.9,17.9274,0.0617,56276.0,376.0,176892.0,282559.0,-3322.0,16.670499999999997,18.2354,False,False,False,88418.18,0.7592329993673247,23.41269841269841,False,False,0.0,0.0,0,GREEN
1236,2026-01-13,F (Jan 2026),16.14,16.9,15.8,16.62,16.5992,0.4768,98769,0,95647,G (Feb 2026),17.91,18.55,17.75,18.35,18.3897,0.4623,114059.0,0.0,183019.0,278666.0,-3893.0,16.6665,18.195800000000002,False,False,False,88394.3,1.1173684276022322,69.84126984126983,False,False,0.0,0.0,0,GREEN
1237,2026-01-14,F (Jan 2026),16.6,18.05,16.6,17.41,17.287,0.6878,135795,132,80882,G (Feb 2026),18.35,19.25,18.3,18.82,18.8191,0.4294,180730.0,10.0,186583.0,267465.0,-11201.0,16.710500000000003,18.162,False,True,True,89193.66,1.5224736825464948,87.3015873015873,False,False,0.0,0.0,2,YELLOW
1238,2026-01-15,F (Jan 2026),17.35,17.6,16.1,16.45,16.5041,-0.7829,80699,782,70154,G (Feb 2026),18.83,18.9,18.05,18.26,18.2809,-0.5382,95339.0,1140.0,193953.0,264107.0,-3358.0,16.695500000000003,18.114,False,False,False,89297.04,0.9037141656655138,45.63492063492063,False,False,0.0,0.0,0,GREEN
1239,2026-01-16,F (Jan 2026),16.43,16.91,16.2,16.65,16.6389,0.1348,64804,0,58018,G (Feb 2026),18.25,18.5,18.05,18.38,18.3596,0.0787,92438.0,11.0,201328.0,259346.0,-4761.0,16.705499999999997,18.052,False,True,False,88528.82,0.7320102086529561,22.22222222222222,False,False,0.0,0.0,1,GREEN
1240,2026-01-20,F (Jan 2026),17.2,20.95,17.05,19.9,20.2228,3.5839,150333,360,33407,G (Feb 2026),18.95,20.65,18.8,20.25,20.3916,2.032,247862.0,10.0,214034.0,247441.0,-11905.0,16.785500000000003,18.07,True,True,True,89475.72,1.6801541244932146,90.47619047619048,False,True,1.0,1.0,4,ORANGE
1241,2026-01-21,F (Jan 2026),20.1,20.4,18.9,19.9,18.82,-1.4028,1312,0,32250,G (Feb 2026),20.2,20.45,18.2,18.4,18.4095,-1.9821,200069.0,250.0,198934.0,231184.0,-16257.0,16.9105,18.070999999999998,True,True,True,87041.14,0.0150733319899073,1.984126984126984,False,False,1.0,1.0,3,YELLOW
1242,2026-01-22,G (Feb 2026),18.35,18.45,17.95,18.0,17.9803,-0.4292,100783,247,194745,H (Mar 2026),19.3,19.3,18.95,18.95,19.0033,-0.2965,56103.0,0.0,74716.0,269461.0,,16.9655,18.035,False,True,True,86085.02,1.1707379518527148,72.22222222222221,False,False,1.0,1.0,2,YELLOW
1243,2026-01-23,G (Feb 2026),18.05,18.51,17.8,18.43,18.346,0.3657,78788,13,189434,H (Mar 2026),19.0,19.35,18.85,19.29,19.2365,0.2332,48219.0,0.0,80232.0,269666.0,205.0,17.0395,18.0354,True,True,True,85436.46,0.922182403156685,42.06349206349206,False,False,1.0,1.0,3,YELLOW
1244,2026-01-26,G (Feb 2026),18.7,19.2,18.04,18.3,18.2753,-0.0707,63544,70,181133,H (Mar 2026),19.4,19.8,18.98,19.28,19.2337,-0.0028,38234.0,0.0,83502.0,264635.0,-5031.0,17.1095,18.0344,True,True,True,85457.04,0.7435782938421458,20.238095238095237,False,False,1.0,1.0,3,YELLOW
1245,2026-01-27,G (Feb 2026),18.35,18.65,18.02,18.56,18.594,0.3187,66085,27,177316,H (Mar 2026),19.25,19.55,19.02,19.47,19.5249,0.2912,53641.0,0.0,90898.0,268214.0,3579.0,17.197,18.038600000000002,True,True,True,85241.98,0.7752635497204546,22.61904761904762,False,False,0.0,1.0,3,YELLOW
1246,2026-01-28,G (Feb 2026),18.5,18.95,18.23,18.4,18.6005,0.0065,83445,0,170017,H (Mar 2026),19.45,19.72,19.22,19.43,19.5362,0.0113,58179.0,0.0,94613.0,264630.0,-3584.0,17.2845,17.9996,True,True,True,84342.92,0.9893539374733529,49.2063492063492,False,False,0.0,1.0,3,YELLOW
1247,2026-01-29,G (Feb 2026),18.4,20.1,18.3,18.75,18.7805,0.18,153741,27,164073,H (Mar 2026),19.35,20.5,19.29,19.64,19.6838,0.1476,91601.0,0.0,103977.0,268050.0,3420.0,17.404,17.9766,True,True,True,84914.08,1.8105477913674621,91.26984126984127,False,True,1.0,2.0,4,ORANGE
1248,2026-01-30,G (Feb 2026),18.85,20.0,18.5,19.1,19.0448,0.2643,118437,27,159257,H (Mar 2026),19.71,20.4,19.35,19.95,19.8981,0.2143,80271.0,0.0,110498.0,269755.0,1705.0,17.534,17.9186,True,True,True,84915.86,1.3947571160440464,82.53968253968253,False,False,1.0,2.0,3,YELLOW
1249,2026-02-02,G (Feb 2026),19.55,20.9,17.85,17.95,17.9118,-1.133,119676,0,146774,H (Mar 2026),20.2,21.28,18.95,19.06,19.0652,-0.8329,78800.0,16.0,116421.0,263195.0,-6560.0,17.6265,17.7856,True,True,True,84943.9,1.4088828038269965,82.93650793650794,False,False,1.0,2.0,3,YELLOW
1250,2026-02-03,G (Feb 2026),17.9,20.05,17.89,18.94,18.9085,0.9967,156055,0,134201,H (Mar 2026),19.05,20.25,19.05,19.55,19.6359,0.5707,97312.0,17.0,124545.0,258746.0,-4449.0,17.7535,17.6874,True,True,True,88032.48,1.7726979860160705,92.46031746031747,False,True,2.0,2.0,5,ORANGE
1251,2026-02-04,G (Feb 2026),19.0,20.4,18.55,19.03,19.2928,0.3843,148488,0,120546,H (Mar 2026),19.54,20.47,19.35,19.7,19.8792,0.2433,97949.0,16.0,129979.0,250525.0,-8221.0,17.8925,17.611,True,True,True,86090.32,1.7247932171700604,88.88888888888889,False,False,2.0,2.0,4,ORANGE
1252,2026-02-05,G (Feb 2026),19.15,21.36,18.95,21.29,20.8475,1.5547,196557,118,109772,H (Mar 2026),19.7,21.1,19.62,21.07,20.8342,0.955,131646.0,175.0,141111.0,250883.0,358.0,18.122,17.6068,True,True,True,86121.0,2.282335318911764,97.22222222222221,True,True,2.0,3.0,7,RED
1253,2026-02-06,G (Feb 2026),21.35,22.15,18.95,19.14,19.1365,-1.711,135772,525,102613,H (Mar 2026),21.08,21.57,19.6,19.7,19.7066,-1.1276,116331.0,0.0,151405.0,254018.0,3135.0,18.2535,17.5906,True,True,True,86138.06,1.5762138130345633,85.31746031746032,False,False,2.0,3.0,5,ORANGE
1254,2026-02-09,G (Feb 2026),18.95,19.4,18.05,18.41,18.2983,-0.8382,100821,400,93840,H (Mar 2026),19.65,19.8,18.77,19.2,19.128,-0.5786,90407.0,36.0,155459.0,249299.0,-4719.0,18.3665,17.5718,True,True,True,86011.84,1.1721758306763348,69.84126984126983,False,False,2.0,3.0,5,ORANGE
1255,2026-02-10,G (Feb 2026),18.45,18.9,18.2,18.75,18.8064,0.5081,68358,0,82016,H (Mar 2026),19.2,19.6,19.1,19.5,19.5156,0.3876,61689.0,18.0,165355.0,247371.0,-1928.0,18.499000000000002,17.5726,True,True,True,85380.52,0.8006275904620866,24.6031746031746,False,False,1.0,3.0,4,ORANGE
1256,2026-02-11,G (Feb 2026),18.8,19.46,18.1,18.7,18.6671,-0.1393,85855,118,73725,H (Mar 2026),19.55,19.9,19.1,19.48,19.4505,-0.0651,78823.0,461.0,173634.0,247359.0,-12.0,18.603,17.5826,True,True,True,86000.24,0.9983111675037185,52.38095238095239,False,False,1.0,3.0,4,ORANGE
1257,2026-02-12,G (Feb 2026),18.68,20.88,18.2,20.5,20.6575,1.9904,140751,0,63053,H (Mar 2026),19.5,20.67,19.2,20.45,20.6289,1.1784,151448.0,19.0,174287.0,237340.0,-10019.0,18.7575,17.6256,True,True,True,86921.36,1.6192912766206142,87.3015873015873,False,False,0.0,2.0,3,YELLOW
1258,2026-02-13,G (Feb 2026),20.4,21.81,19.5,21.2,21.029,0.3715,156142,0,52702,H (Mar 2026),20.45,21.22,19.85,20.91,20.8254,0.1965,167272.0,19.0,197275.0,249977.0,12637.0,18.994999999999997,17.6896,True,True,True,88477.26,1.7647698402956873,92.06349206349206,False,True,1.0,3.0,5,ORANGE
1259,2026-02-17,G (Feb 2026),21.45,22.45,19.53,20.15,20.0571,-0.9719,131700,0,29082,H (Mar 2026),20.8,21.65,20.05,20.18,20.2175,-0.6079,165084.0,108.0,204499.0,233581.0,-16396.0,19.17,17.737000000000002,True,True,True,89447.82,1.472366794405945,83.33333333333334,False,False,1.0,3.0,4,ORANGE
1260,2026-02-18,G (Feb 2026),20.3,20.3,19.35,19.85,19.69,-0.3671,957,0,28383,H (Mar 2026),20.2,20.48,19.7,20.15,20.1587,-0.0588,98627.0,21.0,199359.0,227742.0,-5839.0,19.167499999999997,17.783,True,False,True,87843.2,0.010894411861134386,0.3968253968253968,False,False,1.0,2.0,2,YELLOW
1261,2026-02-19,H (Mar 2026),20.1,21.13,19.95,20.65,20.7531,0.5944,94747,245,196763,J (Apr 2026),20.73,21.47,20.65,21.2,21.242,0.4774,52665.0,0.0,66288.0,263051.0,,19.205000000000002,17.85,True,True,True,88290.54,1.0731274267888724,61.50793650793651,False,False,1.0,2.0,3,YELLOW
1262,2026-02-20,H (Mar 2026),20.65,21.25,19.98,20.15,20.2231,-0.53,104996,24,192642,J (Apr 2026),21.1,21.5,20.6,20.75,20.8381,-0.4039,64056.0,0.0,67621.0,260263.0,-2788.0,19.3125,17.9022,True,True,True,88752.58,1.1830191302607767,74.20634920634922,False,False,1.0,1.0,3,YELLOW
1263,2026-02-23,H (Mar 2026),20.65,21.25,19.95,21.01,21.0977,0.8746,104962,21,187751,J (Apr 2026),21.0,21.5,20.65,21.3,21.4043,0.5662,46560.0,0.0,74627.0,262378.0,2115.0,19.441499999999998,17.9682,True,True,True,89715.38,1.1699443283860582,74.20634920634922,False,False,0.0,1.0,3,YELLOW
1264,2026-02-24,H (Mar 2026),21.05,21.3,20.2,20.35,20.2524,-0.8453,89452,23,183345,J (Apr 2026),21.4,21.52,20.75,20.93,20.9235,-0.4808,45689.0,0.0,81089.0,264434.0,2056.0,19.544,18.041,True,True,True,89669.7,0.9975722010891082,55.55555555555556,False,False,0.0,1.0,3,YELLOW
1265,2026-02-25,H (Mar 2026),20.3,20.44,19.3,19.3,19.4492,-0.8032,85847,25,180958,J (Apr 2026),20.94,21.06,20.2,20.2,20.3214,-0.6021,62201.0,0.0,79625.0,260583.0,-3851.0,19.581,18.105,True,True,False,89600.56,0.9581078511116449,50.79365079365079,False,False,0.0,1.0,2,YELLOW
1266,2026-02-26,H (Mar 2026),19.4,20.65,19.28,19.98,19.7561,0.3069,125366,24,174670,J (Apr 2026),20.2,21.05,20.2,20.7,20.5453,0.2239,76535.0,0.0,85249.0,259919.0,-664.0,19.66,18.1706,True,True,True,89635.06,1.3986268319561566,82.93650793650794,False,False,0.0,1.0,3,YELLOW
1267,2026-02-27,H (Mar 2026),20.0,21.21,19.85,20.55,20.6361,0.88,144082,27,167052,J (Apr 2026),20.75,21.45,20.62,21.15,21.1511,0.6058,73681.0,0.0,91593.0,258645.0,-1274.0,19.75,18.251,True,True,True,90812.64,1.5865853035436477,88.4920634920635,False,False,0.0,1.0,3,YELLOW
1268,2026-03-02,H (Mar 2026),21.5,22.8,20.5,21.11,20.932,0.2959,143304,0,158818,J (Apr 2026),21.9,23.15,21.0,21.35,21.2758,0.1247,94555.0,14.0,102306.0,261124.0,2479.0,19.8505,18.3382,True,True,True,91748.36,1.5619243766319093,88.4920634920635,False,False,0.0,0.0,3,YELLOW
1269,2026-03-03,H (Mar 2026),21.1,24.9,21.05,22.4,22.1056,1.1736,251742,0,155159,J (Apr 2026),21.35,23.75,21.3,22.27,22.0885,0.8127,153054.0,12.0,116325.0,271484.0,10360.0,20.073,18.4572,True,True,True,96757.82,2.6017742028499606,98.80952380952381,True,True,1.0,1.0,5,ORANGE
1270,2026-03-04,H (Mar 2026),22.45,23.35,20.7,21.34,21.2017,-0.9039,133430,0,149756,J (Apr 2026),22.25,22.96,21.1,21.41,21.3553,-0.7332,90730.0,0.0,120840.0,270596.0,-888.0,20.193,18.518,True,True,True,97484.56,1.3687295711238785,84.92063492063492,False,False,1.0,1.0,3,YELLOW
1271,2026-03-05,H (Mar 2026),21.2,24.27,20.75,22.86,22.9737,1.772,182669,0,146400,J (Apr 2026),21.45,23.22,21.07,22.37,22.4869,1.1316,116916.0,0.0,126441.0,272841.0,2245.0,20.3845,18.6272,True,True,True,99525.98,1.8353901162289485,96.42857142857143,False,True,2.0,2.0,5,ORANGE
1272,2026-03-06,H (Mar 2026),22.9,27.1,22.39,26.4,26.9657,3.992,208585,30,146104,J (Apr 2026),22.4,25.15,22.1,24.57,25.0027,2.5158,139164.0,15.0,142230.0,288334.0,15493.0,20.64,18.8172,True,True,True,102232.52,2.0402998967451844,97.22222222222221,True,True,3.0,3.0,7,RED
1273,2026-03-09,H (Mar 2026),27.4,30.19,23.12,23.89,23.5673,-3.3984,242718,0,120958,J (Apr 2026),24.8,27.12,22.57,23.04,22.9911,-2.0116,176222.0,13.0,148962.0,269920.0,-18414.0,20.8775,18.956000000000003,True,True,True,106045.84,2.2888026536448765,98.01587301587301,True,True,4.0,4.0,7,RED
1274,2026-03-10,H (Mar 2026),23.7,25.25,22.1,24.75,25.0953,1.528,195023,355,109144,J (Apr 2026),22.9,24.0,22.05,23.71,23.9178,0.9267,159156.0,844.0,156079.0,265223.0,-4697.0,21.194499999999998,19.113,True,True,True,109318.26,1.7839929029239947,96.03174603174604,False,True,4.0,5.0,6,RED
1275,2026-03-11,H (Mar 2026),24.85,25.35,23.53,24.0,23.5823,-1.513,144194,1424,90513,J (Apr 2026),23.7,24.12,22.87,23.14,22.9478,-0.97,109439.0,537.0,161702.0,252215.0,-13008.0,21.457,19.256800000000002,True,True,True,111397.86,1.2944054760118373,90.07936507936508,False,True,5.0,6.0,6,RED
1276,2026-03-12,H (Mar 2026),24.1,26.1,24.1,25.59,25.8135,2.2312,126262,404,81741,J (Apr 2026),23.18,24.5,23.05,24.16,24.3687,1.4209,138446.0,1635.0,171729.0,253470.0,1255.0,21.801499999999997,19.4356,True,True,True,112512.72,1.1222020052488288,83.33333333333334,False,False,4.0,6.0,5,ORANGE
1277,2026-03-13,H (Mar 2026),25.6,26.85,24.2,26.59,26.3706,0.5571,105942,0,73168,J (Apr 2026),24.1,24.95,23.4,24.92,24.7996,0.4309,129882.0,16.0,191092.0,264260.0,10790.0,22.106,19.6402,True,True,True,113530.2,0.933161396703256,76.98412698412699,False,False,3.0,6.0,5,ORANGE
1278,2026-03-16,H (Mar 2026),27.3,27.45,23.05,23.7,23.3145,-3.0561,109472,0,55487,J (Apr 2026),25.0,25.15,22.95,23.1,22.99,-1.8096,161598.0,0.0,194774.0,250261.0,-13999.0,22.231,19.784200000000002,True,True,True,114658.0,0.9547698372551414,77.77777777777779,False,False,2.0,6.0,5,ORANGE
1279,2026-03-17,H (Mar 2026),23.65,24.34,21.8,22.45,22.3122,-1.0023,92433,56,43078,J (Apr 2026),23.15,23.55,22.3,22.8,22.7161,-0.2739,140296.0,1088.0,201949.0,245027.0,-5234.0,22.345999999999997,19.911199999999997,True,True,True,115098.4,0.8030780619018162,60.71428571428571,False,False,1.0,5.0,4,ORANGE
1280,2026-03-18,H (Mar 2026),22.35,23.16,21.35,23.16,22.89,0.5778,2530,0,42809,J (Apr 2026),22.8,25.15,22.35,24.9,24.6547,1.9386,171286.0,16.0,205909.0,248718.0,3691.0,22.5115,20.046400000000002,True,True,True,113762.4,0.02223933390997377,5.158730158730158,False,False,0.0,5.0,4,ORANGE
1281,2026-03-19,J (Apr 2026),24.85,26.11,23.4,23.85,23.9468,-0.7079,182160,0,185428,K (May 2026),24.3,25.2,23.17,23.5,23.5295,-0.6284,75681.0,0.0,56751.0,242179.0,,22.671499999999998,20.1984,True,True,True,116057.16,1.5695714077442529,94.84126984126983,False,True,1.0,5.0,5,ORANGE
1282,2026-03-20,J (Apr 2026),23.75,26.09,23.45,25.2,25.7467,1.7999,146287,946,178997,K (May 2026),23.33,25.0,23.2,24.35,24.7511,1.2216,76966.0,111.0,63670.0,242667.0,488.0,22.924,20.368399999999998,True,True,True,117356.6,1.2465170258852079,90.07936507936508,False,True,2.0,5.0,6,RED
1283,2026-03-23,J (Apr 2026),26.1,27.75,22.6,24.15,24.3024,-1.4443,178171,0,168461,K (May 2026),25.05,25.75,22.5,23.53,23.6039,-1.1472,84658.0,0.0,69531.0,237992.0,-4675.0,23.081,20.5212,True,True,True,119380.72,1.492460424095281,94.04761904761905,False,True,3.0,5.0,6,RED
1284,2026-03-24,J (Apr 2026),24.2,25.35,23.5,24.32,24.9404,0.638,132190,0,157646,K (May 2026),23.5,24.35,23.2,23.62,24.1512,0.5473,70431.0,0.0,75172.0,232818.0,-5174.0,23.2795,20.6846,True,True,True,120627.22,1.095855479385167,83.73015873015873,False,False,3.0,4.0,5,ORANGE
1285,2026-03-25,J (Apr 2026),24.25,25.05,23.62,24.3,24.2885,-0.6519,96022,855,151260,K (May 2026),23.6,24.27,23.2,23.75,23.8017,-0.3495,54769.0,298.0,78983.0,230243.0,-2575.0,23.5295,20.8486,True,True,True,121205.06,0.7922276512218219,63.095238095238095,False,False,3.0,3.0,5,ORANGE
1286,2026-03-26,J (Apr 2026),24.35,26.4,24.15,25.83,26.2588,1.9703,122416,0,150515,K (May 2026),23.73,25.2,23.62,24.75,25.0986,1.2969,63188.0,0.0,85887.0,236402.0,6159.0,23.822,21.0328,True,True,True,121678.0,1.0060651884481993,79.76190476190477,False,False,2.0,3.0,5,ORANGE
1287,2026-03-27,J (Apr 2026),25.75,28.75,25.43,28.3,28.49,2.2312,135139,0,151855,K (May 2026),24.7,26.66,24.5,26.35,26.4912,1.3926,70396.0,0.0,97744.0,249599.0,13197.0,24.2095,21.2506,True,True,True,121664.88,1.1107478181049453,84.52380952380952,False,False,1.0,3.0,4,ORANGE
1288,2026-03-30,J (Apr 2026),28.85,29.3,26.9,28.49,28.2082,-0.2818,115636,1176,136856,K (May 2026),26.5,26.95,25.55,26.56,26.4497,-0.0415,76108.0,842.0,104677.0,241533.0,-8066.0,24.5785,21.4914,True,True,True,122363.62,0.9450194428703564,76.19047619047619,False,False,0.0,3.0,4,ORANGE
1289,2026-03-31,J (Apr 2026),28.33,28.85,24.85,24.97,25.0224,-3.1858,158841,588,117673,K (May 2026),26.55,26.82,24.3,24.37,24.412,-2.0377,91677.0,509.0,108519.0,226192.0,-15341.0,24.707,21.6578,True,True,True,124244.36,1.278456422488715,92.85714285714286,False,True,1.0,4.0,5,ORANGE
1290,2026-04-01,J (Apr 2026),25.0,25.25,23.95,24.35,24.4503,-0.5721,119320,24,108340,K (May 2026),24.35,24.6,23.7,23.87,23.9092,-0.5028,87564.0,0.0,113057.0,221397.0,-4795.0,24.857499999999998,21.746799999999997,True,True,False,123624.1,0.9651839730279128,78.96825396825396,False,False,1.0,4.0,3,YELLOW
1291,2026-04-02,J (Apr 2026),24.35,26.9,24.16,24.58,24.4806,0.0303,122975,415,101048,K (May 2026),23.85,25.47,23.67,24.0,23.9468,0.0376,98352.0,2283.0,118146.0,219194.0,-2203.0,24.9435,21.8404,True,True,False,126057.36,0.9755479568983517,79.76190476190477,False,False,1.0,3.0,3,YELLOW
1292,2026-04-06,J (Apr 2026),24.55,25.75,23.55,23.76,23.843,-0.6376,87762,0,91471,K (May 2026),23.99,25.0,23.2,23.28,23.3132,-0.6336,87222.0,514.0,125135.0,216606.0,-2588.0,24.8115,21.9556,True,False,False,125796.94,0.6976481303917249,52.77777777777778,False,False,1.0,2.0,1,GREEN
1293,2026-04-07,J (Apr 2026),23.8,26.25,23.65,24.56,24.9752,1.1322,126422,0,81927,K (May 2026),23.3,24.71,23.15,23.77,23.9995,0.6863,121590.0,511.0,132458.0,214385.0,-2221.0,24.845,22.078200000000002,True,True,False,126749.62,0.997415219075213,82.14285714285714,False,False,1.0,1.0,2,YELLOW
1294,2026-04-08,J (Apr 2026),24.35,24.81,21.14,22.0,21.6653,-3.3099,168734,0,75991,K (May 2026),23.8,23.95,21.6,22.15,21.9085,-2.091,176083.0,16.0,148133.0,224124.0,9739.0,24.7075,22.152199999999997,False,False,False,128853.42,1.3095034652553266,94.04761904761905,False,True,1.0,2.0,1,GREEN
1295,2026-04-09,J (Apr 2026),21.95,22.3,20.25,20.26,20.2766,-1.3887,101366,440,70722,K (May 2026),22.05,22.35,21.2,21.22,21.2162,-0.6923,99960.0,16.0,149523.0,220245.0,-3879.0,24.5205,22.1862,False,False,False,129559.04,0.7823923363433382,67.85714285714286,False,False,1.0,2.0,0,GREEN
1296,2026-04-10,J (Apr 2026),20.35,21.0,19.8,20.11,20.4077,0.1311,75119,0,65064,K (May 2026),21.25,21.7,21.05,21.35,21.5654,0.3492,109639.0,13.0,163463.0,228527.0,8282.0,24.2465,22.220399999999998,False,False,False,129392.52,0.5805513332609953,35.714285714285715,False,False,1.0,2.0,0,GREEN
1297,2026-04-13,J (Apr 2026),21.45,22.25,19.15,19.15,19.304,-1.1037,76642,0,60957,K (May 2026),22.5,22.63,20.6,20.63,20.7147,-0.8507,94669.0,17.0,171390.0,232347.0,3820.0,23.8745,22.2284,False,False,False,127850.54,0.5994655947483679,37.698412698412696,False,False,1.0,2.0,0,GREEN
